angle=Azimuth
heading=Coordinate_System
dist_units=Default
startAt=15.9844;60.275;90
survey=Polygonal
[data]
-148.789;0.000993844;90
158.07;0.0014111;90
157.287;0.00117839;90
121.018;0.00182029;90
115.65;0.00156858;90
-36.8789;0.006357;90
69.8584;0.00101934;90
-29.4697;0.00245344;90
-70.5885;0.00144727;90
71.9856;0.00146481;90
62.1899;0.00310797;90
64.2643;0.00185389;90
56.7146;0.00200252;90
62.5864;0.00187224;90
59.0362;0.000956276;90
66.8906;0.00185484;90
-59.838;0.00349291;90
-60.2321;0.00308164;90
-50.8048;0.00282453;90
-40.8393;0.00334282;90
-41.1017;0.00288105;90
-43.2212;0.00193628;90
-37.8304;0.00202828;90
2.58464;0.00159662;90
-24.8215;0.0032778;90
-37.7751;0.00422813;90
-41.6357;0.00431371;90
-50.7864;0.00436245;90
-57.1914;0.00459734;90
-51.8134;0.00438676;90
-50.0701;0.00395264;90
-51.6023;0.00396061;90
-35.119;0.0200304;90
19.4018;0.00133056;90
16.1591;0.00176784;90
5.716;0.00316273;90
-20.228;0.00357766;90
-38.8537;0.00415409;90
-42.1841;0.00408777;90
-44.2796;0.0044431;90
-54.8486;0.00503526;90
-45.9612;0.00434154;90
-39.1823;0.00342519;90
-50.1009;0.00454916;90
-44.1533;0.00445031;90
-45.0644;0.00440174;90
-45.2278;0.00426813;90
-48.8702;0.00460953;90
-43.3452;0.00418711;90
-38.3661;0.00405198;90
-44.9128;0.00417971;90
-56.4463;0.00396223;90
-67.1136;0.00400097;90
-67.5599;0.00394794;90
-61.8142;0.00374736;90
-72.0667;0.00386477;90
-78.631;0.0043779;90
-62.3338;0.00430523;90
-46.41;0.00293114;90
-44.4966;0.0033801;90
-65.6067;0.00514531;90
-71.0846;0.00516703;90
-63.196;0.00461037;90
-67.4799;0.00507824;90
-63.6523;0.00459873;90
-31.73;0.00291111;90
-15.3196;0.00272897;90
-49.4729;0.002847;90
-60.5001;0.00452458;90
-54.1783;0.00403408;90
-59.5784;0.0048207;90
-37.2723;0.00287647;90
-51.7475;0.031042;90
-15.8253;0.0020975;90
-30.2053;0.010805;90
-37.9278;0.00180911;90
-31.6884;0.0092747;90
-52.5718;0.00328416;90
-69.2645;0.00612901;90
-68.3703;0.00545297;90
-58.3002;0.00528671;90
-58.4597;0.00524949;90
-48.7763;0.00442336;90
-47.9014;0.00917799;90
-51.8262;0.00213575;90
-50.3441;0.00387198;90
-64.2362;0.00546862;90
-65.6685;0.0091113;90
-57.9583;0.00200552;90
-33.7369;0.0128813;90
-23.5523;0.00225484;90
-17.0426;0.00273301;90
-1.2036;0.0027136;90
6.13702;0.00264717;90
57.9961;0.00416622;90
69.2548;0.0057423;90
52.1029;0.00455193;90
33.624;0.00409036;90
40.7435;0.00423948;90
46.9012;0.00443317;90
-16.6501;0.0546441;90
-87.8552;0.00304613;90
-98.4889;0.0119904;90
-101.436;0.00303628;90
-102.493;0.00331448;90
-96.3761;0.0015848;90
-96.3816;0.0168152;90
-89.6808;0.00143602;90
-83.5751;0.00186773;90
-71.8439;0.00129971;90
-71.0201;0.00142973;90
-85.7708;0.0017628;90
-98.2546;0.00188756;90
-80.9316;0.00186531;90
-71.5819;0.00214908;90
-71.1287;0.00182722;90
-114.261;0.000778781;90
-125.561;0.00112969;90
-89.6928;0.00149202;90
-69.536;0.00182198;90
-67.7646;0.00176527;90
-65.0799;0.0015735;90
-59.544;0.00152897;90
-64.3283;0.00154889;90
-70.7286;0.0018846;90
-77.9185;0.001806;90
-79.445;0.00256032;90
-67.8347;0.0019296;90
-68.3776;0.00184266;90
-68.8685;0.00161993;90
-67.3662;0.00158508;90
-67.8566;0.00171121;90
-71.9879;0.0015426;90
-87.9017;0.019391;90
-79.3088;0.00187047;90
-92.0983;0.00158406;90
-106.39;0.00147076;90
-80.6167;0.00107336;90
-56.7094;0.00143199;90
-103.026;0.00176132;90
-99.0048;0.00148227;90
-94.3861;0.0013991;90
-89.1462;0.00127514;90
-91.3797;0.00112133;90
-98.613;0.00127538;90
-93.55;0.0013566;90
-89.5375;0.000991032;90
-141.812;0.000834621;90
-153.933;0.000823799;90
-158.035;0.000847517;90
158.945;0.000698645;90
99.8093;0.00130305;90
-167.261;0.000621293;90
-158.253;0.000591069;90
-163.25;0.00053782;90
-161.776;0.000514822;90
-170.958;0.000470851;90
-174.109;0.000506675;90
-143.36;0.000598205;90
-126.813;0.0012166;90
142.532;0.00678597;90
90.5015;0.00137105;90
92.4881;0.00165856;90
140.378;0.000837366;90
55.4845;0.00383143;90
-44.9417;0.00139017;90
-70.6422;0.00119771;90
-67.5653;0.00199932;90
-67.0815;0.00386728;90
-29.2648;0.00288639;90
12.0653;0.00230594;90
19.1642;0.000795061;90
-93.9953;0.00180839;90
-44.7861;0.000946823;90
37.4983;0.00273516;90
-12.9725;0.00232535;90
-10.8904;0.00176784;90
76.4803;0.00344342;90
101.152;0.00177858;90
-42.8338;0.00059864;90
-102.511;0.00577512;90
155.256;0.000886378;90
145.936;0.00246375;90
-139.102;0.0043301;90
-111.914;0.00104231;90
-176.118;0.00106344;90
-168.129;0.00204167;90
-158.512;0.002345;90
107.603;0.00468225;90
-31.5566;0.000663049;90
-55.6684;0.000817402;90
-151.971;0.00481359;90
-152.621;0.00106984;90
-179.782;0.000790006;90
94.1523;0.00183682;90
103.298;0.0012608;90
101.676;0.00156641;90
-24.1537;0.0024341;90
-37.3892;0.000993041;90
-1.36058;0.00122134;90
-52.3996;0.000768662;90
54.9573;0.0015744;90
-15.9454;0.000880893;90
-29.6605;0.000505194;90
9.41553;0.00926076;90
-27.1783;0.00146247;90
-42.3458;0.00149643;90
65.0461;0.00291072;90
83.0699;0.00309965;90
65.7988;0.0025589;90
82.689;0.00194884;90
89.3388;0.00199313;90
90;0.010513;90
103.852;0.00113192;90
98.6424;0.00121783;90
103.154;0.00469314;90
96.4683;0.00429635;90
103.135;0.0146585;90
101.452;0.00157639;90
93.9382;0.00227136;90
103.201;0.0142311;90
100.545;0.000896134;90
111.451;0.00458026;90
105.778;0.00131661;90
108.365;0.00156153;90
111.127;0.00269945;90
-172.212;0.000804419;90
164.217;0.0011618;90
105.971;0.00216247;90
107.667;0.00247787;90
-114.694;0.00142424;90
90.6528;0.0656573;90
103.737;0.00255199;90
120.356;0.00351026;90
172.581;0.00710145;90
-174.447;0.00115743;90
153.733;0.0128889;90
166.093;0.00128568;90
-179.503;0.0026511;90
-160.199;0.00185678;90
179.021;0.00222432;90
-143.416;0.0105705;90
-123.969;0.00182193;90
-121.73;0.00248901;90
-124.329;0.00407841;90
-117.911;0.00944463;90
-132.171;0.00173382;90
-126.667;0.00208821;90
-144.389;0.00636294;90
-129.279;0.00776026;90
-117.873;0.00425232;90
-171.111;0.0153706;90
159.422;0.00213097;90
132.44;0.00970624;90
120.602;0.00271282;90
114.45;0.0134282;90
131.894;0.00343239;90
130.496;0.00402526;90
132.025;0.0108029;90
130.074;0.00194324;90
119.075;0.00245085;90
118.405;0.0114904;90
108.194;0.00293367;90
99.959;0.00189658;90
120.689;0.00582124;90
151.567;0.00482845;90
156.293;0.00364127;90
144.307;0.00671181;90
136.112;0.00156654;90
154.845;0.00210791;90
164.132;0.00677724;90
149.442;0.00128439;90
148.584;0.00121631;90
130.451;0.00521579;90
123.403;0.0302041;90
129.744;0.00131225;90
120.12;0.0022359;90
123.383;0.0301925;90
109.406;0.00169744;90
110.103;0.00208609;90
129.276;0.00465831;90
115.606;0.0164629;90
113.78;0.00143591;90
124.845;0.0203447;90
127.057;0.00251241;90
133.782;0.0139049;90
156.673;0.00134603;90
132.015;0.0134165;90
142.764;0.00147083;90
135.444;0.0209105;90
155.552;0.00119846;90
162.149;0.00310236;90
-158.562;0.00318752;90
-172.176;0.00262241;90
144.567;0.0066667;90
141.522;0.00123269;90
-171.454;0.000915162;90
148.772;0.00375157;90
132.448;0.012846;90
133.637;0.00228955;90
128.479;0.00514923;90
122.754;0.00502736;90
134.628;0.00468044;90
134.686;0.00412815;90
149.216;0.00387263;90
170.964;0.00413228;90
129.895;0.0022249;90
134.382;0.00275505;90
142.274;0.00392064;90
131.993;0.00362609;90
120.223;0.004017;90
138.369;0.00194933;90
-121.141;0.00121627;90
-111.128;0.00199191;90
-137.497;0.00150969;90
-119.154;0.00184127;90
-113.821;0.00169106;90
-106.899;0.0020056;90
133.608;0.00311431;90
145.472;0.000606907;90
-131.581;0.00226465;90
172.667;0.00358835;90
116.374;0.00308177;90
-49.7889;0.00466693;90
-11.1013;0.00145421;90
60.9885;0.00116292;90
5.18782;0.000785217;90
-32.3298;0.00155388;90
-62.3975;0.00200071;90
61.7045;0.00222143;90
66.976;0.000905099;90
67.025;0.0019855;90
58.1962;0.00219919;90
52.2903;0.000668672;90
64.6655;0.00210328;90
64.29;0.00167813;90
-40.4411;0.0023664;90
-58.5636;0.00160099;90
-52.9405;0.00628563;90
-37.1645;0.00124482;90
-41.1715;0.00636473;90
-44.5349;0.000958161;90
-54.2669;0.00187497;90
-64.8101;0.00568349;90
-68.2966;0.00640613;90
-69.6881;0.00692246;90
-70.4666;0.00640036;90
-70.567;0.00631792;90
-70.1734;0.0066013;90
-70.6642;0.00655684;90
-73.8963;0.00676339;90
-77.8425;0.00721276;90
-77.8575;0.00712644;90
-78.4226;0.00718519;90
-82.2634;0.00640329;90
-81.2331;0.0082079;90
-80.3968;0.00782262;90
-78.552;0.0103387;90
-83.997;0.00247658;90
-85.5435;0.00721983;90
-83.6541;0.00777162;90
-80.7501;0.0132138;90
-83.1173;0.00296235;90
-80.3434;0.00586612;90
-69.561;0.00635722;90
-70.1319;0.00651159;90
-86.1353;0.00752211;90
-95.9161;0.00787796;90
-88.6928;0.007671;90
-82.6574;0.00734725;90
-82.1192;0.0104002;90
-80.6988;0.00233875;90
-78.4632;0.00257503;90
-71.5733;0.00220822;90
-67.2219;0.00690664;90
-64.2003;0.00164053;90
-65.9146;0.00359718;90
-67.8822;0.00158029;90
-66.5885;0.00254447;90
-76.7743;0.00553788;90
-72.6627;0.00797325;90
-47.6527;0.0014667;90
-3.17068;0.00486344;90
-52.0049;0.00234245;90
-75.6077;0.0105769;90
-89.6173;0.00344308;90
-76.8715;0.0124771;90
-63.2714;0.00266362;90
-64.6345;0.00974111;90
-62.5886;0.00245234;90
-63.3432;0.0055857;90
-64.4987;0.0061668;90
-63.8249;0.00604602;90
-68.6623;0.00656287;90
-76.0442;0.011925;90
-76.4969;0.00271094;90
-76.3098;0.00654494;90
-75.3052;0.0062246;90
-78.3127;0.0128055;90
-80.4507;0.00335752;90
-80.3278;0.00763047;90
-76.6981;0.00764511;90
-59.4379;0.00983534;90
-47.6099;0.00225164;90
-45.4052;0.00839922;90
-54.8397;0.00225921;90
-61.9934;0.00577759;90
-69.388;0.00682596;90
-76.9951;0.00749217;90
-81.7032;0.00782389;90
-81.6428;0.00785036;90
-79.5161;0.00767208;90
-74.7341;0.0074592;90
-72.2687;0.00749295;90
-72.3189;0.00697026;90
-71.9543;0.0072149;90
-70.4004;0.00689234;90
-65.7428;0.00657445;90
-65.4232;0.00635471;90
-66.4756;0.00521873;90
-62.1516;0.00493221;90
-55.0998;0.00434677;90
-52.5088;0.00383643;90
-56.9664;0.00394584;90
-58.4315;0.00404571;90
-58.3808;0.00320826;90
-58.6126;0.00289926;90
-56.8096;0.00232179;90
-60.4625;0.00263898;90
-66.4117;0.00303128;90
-69.1355;0.00356583;90
-64.7788;0.00455747;90
-54.1611;0.00409046;90
-37.9938;0.00287535;90
-32.7211;0.0024438;90
-38.991;0.00278291;90
-51.3897;0.00307522;90
-54.8301;0.00335067;90
-56.0127;0.00411621;90
-55.8074;0.00344676;90
-54.9858;0.00232842;90
-51.9779;0.00157152;90
-55.4346;0.00368558;90
-56.6135;0.00371627;90
-55.1951;0.00439045;90
-85.4973;0.00160495;90
-111.665;0.00357557;90
-109.186;0.00275079;90
-113.557;0.00189164;90
-104.225;0.000883077;90
-62.4552;0.00138612;90
75.8187;0.0101514;90
88.7106;0.00186647;90
72.3286;0.00571885;90
76.5702;0.00845624;90
73.7602;0.00855328;90
76.5279;0.00840014;90
82.0474;0.00940343;90
81.6901;0.0091056;90
74.3045;0.00837633;90
65.0796;0.00771314;90
54.9497;0.00668297;90
58.4573;0.00677265;90
63.5509;0.00729004;90
66.1211;0.00751966;90
67.9098;0.00773802;90
63.1053;0.00754059;90
36.2837;0.0056693;90
5.48085;0.00449153;90
2.9256;0.00466308;90
18.9133;0.00492384;90
53.315;0.00632223;90
47.8393;0.00613815;90
43.7124;0.00594756;90
53.477;0.00644212;90
57.0252;0.00704247;90
49.7678;0.00655068;90
45.6532;0.00626467;90
50.205;0.00622771;90
50.7042;0.00628904;90
61.4137;0.00510991;90
55.4394;0.00107707;90
-74.062;0.00319377;90
-53.2273;0.0016504;90
67.1407;0.00368111;90
63.7955;0.00319764;90
40.1051;0.00276781;90
61.7557;0.00370855;90
68.2139;0.00347306;90
37.6319;0.00248122;90
0.18899;0.00181901;90
90.9769;0.00263938;90
105.489;0.00150154;90
67.7042;0.0017001;90
-42.1245;0.00108536;90
-52.9745;0.00456682;90
28.6667;0.00219506;90
-1.68331;0.00122553;90
85.3894;0.00199044;90
85.2519;0.00337057;90
76.8583;0.00192645;90
-22.6873;0.00163339;90
83.9852;0.00208045;90
90.7328;0.00211117;90
81.1982;0.00273825;90
96.8875;0.00203468;90
131.106;0.00162444;90
110.564;0.00173666;90
108.538;0.00210102;90
104.547;0.00263962;90
-72.3546;0.00105567;90
-72.7432;0.00172254;90
-83.4589;0.0137646;90
164.628;0.00163344;90
-94.987;0.00360063;90
-81.3303;0.00136662;90
-105.909;0.00235312;90
-179.064;0.0014692;90
-159.644;0.00174498;90
-159.434;0.00205817;90
-168.188;0.00165607;90
100.639;0.00284898;90
77.3126;0.00180302;90
8.54624;0.000915162;90
-41.9138;0.000696096;90
-161.886;0.00186229;90
-79.1805;0.00235995;90
-54.0427;0.00168261;90
23.1954;0.00232819;90
21.2251;0.00245557;90
-2.42595;0.00125212;90
83.6724;0.00200522;90
83.1823;0.00363067;90
63.1524;0.00199504;90
4.16244;0.00111594;90
88.4807;0.00316811;90
80.6302;0.00356253;90
105.829;0.00135644;90
126.97;0.0019538;90
109.974;0.00255573;90
102.71;0.00267249;90
-79.1425;0.00208635;90
-69.3182;0.0068804;90
-96.2979;0.00628996;90
174.571;0.00147964;90
-100.707;0.00221761;90
-93.0782;0.00234639;90
-55.3352;0.000717331;90
-105.956;0.00230271;90
-157.981;0.000880202;90
-175.483;0.00159997;90
-161.876;0.00221173;90
-154.131;0.00202603;90
110.965;0.00164061;90
100.991;0.00190392;90
77.2386;0.00136266;90
41.217;0.000868097;90
-47.62;0.00116016;90
-104.554;0.0048269;90
44.3139;0.00141714;90
18.9993;0.00667779;90
92.9468;0.00118657;90
47.174;0.00260969;90
-4.92344;0.0024119;90
-24.6762;0.00198089;90
74.7595;0.00343894;90
72.7965;0.00263384;90
78.4672;0.0050918;90
92.3776;0.00826812;90
73.1884;0.00117209;90
96.1233;0.00285931;90
102.739;0.0150833;90
103.523;0.00246329;90
98.4182;0.00286891;90
105.383;0.00468587;90
90.6647;0.00431029;90
85.6034;0.0105009;90
91.2249;0.00285365;90
105.401;0.00416455;90
119.977;0.00559786;90
131.263;0.00507792;90
103.575;0.0140598;90
89.108;0.00224827;90
90.7626;0.00172815;90
83.5181;0.00428741;90
80.7711;0.0064971;90
79.6966;0.00688807;90
88.0815;0.0189076;90
108.615;0.00252193;90
121.14;0.0039023;90
112.435;0.00642749;90
111.25;0.00569201;90
161.236;0.0189724;90
138.871;0.00104749;90
143.487;0.00160503;90
178.275;0.00235807;90
-176.366;0.00236676;90
-167.768;0.00268086;90
-169.983;0.0026504;90
-134.256;0.0116527;90
-124.992;0.00161127;90
-122.99;0.00186227;90
-127.29;0.031293;90
-114.25;0.00161665;90
-116.214;0.00285015;90
-96.6768;0.0175541;90
-130.076;0.00341875;90
-155.586;0.00206132;90
-160.454;0.000538005;90
-80.5544;0.00169397;90
66.2947;0.0024202;90
39.5754;0.00232619;90
55.7953;0.00308814;90
69.4606;0.00563202;90
60.2169;0.00167298;90
87.7675;0.0038249;90
98.7361;0.00431911;90
109.911;0.00142413;90
66.0068;0.00208298;90
66.5953;0.00365034;90
62.8441;0.00481362;90
36.7683;0.00361021;90
34.7846;0.00389138;90
47.9963;0.00439644;90
53.6088;0.00390194;90
62.102;0.00386408;90
63.0914;0.00387786;90
55.1552;0.00382599;90
57.6085;0.00369608;90
63.2431;0.00400706;90
51.3013;0.00345316;90
16.2388;0.00278928;90
11.73;0.00262175;90
8.06268;0.00252395;90
6.80028;0.00251671;90
1.75003;0.00242313;90
-25.0017;0.00250801;90
-33.3391;0.00316962;90
-33.5802;0.00318204;90
-19.786;0.00300437;90
17.8623;0.0030059;90
16.7368;0.0033614;90
-29.5049;0.0031391;90
-37.6908;0.00297351;90
-67.5909;0.00215363;90
-78.4824;0.00546403;90
-66.6444;0.00508026;90
-61.5075;0.00406882;90
-76.5066;0.00476143;90
-92.4355;0.00538887;90
-93.989;0.00828006;90
-94.6962;0.00289472;90
-98.9301;0.00525672;90
-99.5843;0.00502109;90
-99.6899;0.0047589;90
-95.0941;0.00279303;90
-88.444;0.00633434;90
-79.7709;0.00642512;90
-66.9738;0.00558606;90
-48.131;0.00464768;90
-60.2805;0.0053232;90
-69.7225;0.00553717;90
-85.7438;0.00406922;90
-100.34;0.00440148;90
-100.31;0.00439191;90
-87.6247;0.00359509;90
-78.0465;0.00337008;90
-78.0626;0.00986739;90
-77.2933;0.00255046;90
-80.0241;0.0051722;90
-77.1982;0.00204893;90
-75.7008;0.00100411;90
-76.8081;0.00418031;90
-100.799;0.00109947;90
-89.8161;0.00810104;90
-96.9909;0.00153642;90
-103.182;0.00190315;90
-105.699;0.00229875;90
-103.858;0.00226287;90
-105.224;0.00324073;90
-100.881;0.00175352;90
130.787;0.00224264;90
167.102;0.00225797;90
-138.03;0.00268864;90
-114.141;0.00254782;90
172.638;0.00156087;90
-159.447;0.00214771;90
-154.754;0.00217582;90
131.085;0.00133601;90
106.676;0.00216402;90
73.5237;0.00145265;90
33.923;0.000886973;90
-39.4229;0.000996789;90
-134.081;0.00242357;90
-100.955;0.00291003;90
-145.452;0.00420565;90
-108.47;0.00154035;90
-112.627;0.00360769;90
-135.157;0.00308865;90
-124.267;0.00291981;90
-109.621;0.00412449;90
-170.151;0.00116923;90
103.838;0.00364994;90
99.6747;0.00372498;90
75.3002;0.00186401;90
-50.3697;0.00108806;90
-50.2237;0.00100189;90
-98.0847;0.00553198;90
-126.132;0.0012431;90
-141.921;0.00286344;90
-130.534;0.00414988;90
-129.433;0.00590391;90
-129.607;0.00634183;90
-130.259;0.00633969;90
-133.599;0.00598603;90
-123.217;0.00748621;90
-133.185;0.0114545;90
-134.808;0.00232144;90
-120.929;0.00572977;90
-144.972;0.00535737;90
-174.534;0.00479781;90
-179.553;0.00473814;90
-156.887;0.0050058;90
-119.755;0.0116546;90
-112.803;0.00319686;90
-113.219;0.00743194;90
-114.673;0.00763944;90
-121.337;0.0119925;90
-126.862;0.0027922;90
-114.422;0.0121414;90
-102.578;0.00376537;90
-97.9974;0.0145909;90
-100.115;0.00375232;90
-102.438;0.00831105;90
-106.516;0.008386;90
-104.162;0.00760618;90
-102.911;0.00619871;90
-95.9669;0.0024915;90
-157.871;0.000844185;90
120.411;0.00410707;90
124.135;0.00442664;90
125.023;0.0036487;90
125.136;0.00205554;90
123.202;0.00397013;90
124.386;0.00429564;90
124.848;0.00421242;90
128.344;0.00297719;90
131.957;0.00114571;90
141.305;0.00253689;90
147.167;0.00309668;90
135;0.00343088;90
121.647;0.00432636;90
112.231;0.00428448;90
113.909;0.00306939;90
113.259;0.00287679;90
121.966;0.00340185;90
120.851;0.00330924;90
121.429;0.00428812;90
122.281;0.0044001;90
124.574;0.00444257;90
127.318;0.00501455;90
119.789;0.00559769;90
114.206;0.00590957;90
113.814;0.00478981;90
114.244;0.0069017;90
111.657;0.00604793;90
108.241;0.00634799;90
107.572;0.00593912;90
107.273;0.00826157;90
106.789;0.00886278;90
101.324;0.00926335;90
98.3215;0.00943837;90
99.0029;0.0086526;90
104.873;0.00790484;90
113.826;0.00729031;90
122.907;0.00610921;90
134.622;0.00546393;90
136.265;0.00515819;90
121.833;0.00624893;90
107.46;0.0074125;90
99.6546;0.00798408;90
99.7207;0.00794811;90
101.909;0.00778251;90
103.777;0.00733605;90
104.164;0.00589315;90
112.597;0.00401308;90
-1.26025;0.00209151;90
-39.4927;0.00321237;90
-46.19;0.00364309;90
-51.9229;0.00261058;90
76.6755;0.00226497;90
85.8594;0.00185584;90
98.4929;0.00149641;90
111.801;0.000791619;90
173.509;0.00744874;90
118.884;0.00160234;90
105.961;0.00259296;90
-81.1296;0.00343711;90
-76.3453;0.0133308;90
-74.5396;0.00303482;90
-76.9366;0.00605675;90
-77.9673;0.00618796;90
-78.2075;0.00761369;90
-71.8814;0.00641509;90
-74.1818;0.011013;90
-47.5125;0.0053714;90
-44.1408;0.00622465;90
-53.3529;0.00545164;90
-64.7386;0.00642768;90
-72.7059;0.00741733;90
-79.7565;0.00743958;90
-81.6066;0.00575464;90
-81.6063;0.00833023;90
-78.7342;0.005605;90
-77.125;0.004057;90
-73.6254;0.00562933;90
-72.2258;0.00649923;90
-71.7804;0.00723471;90
-70.9741;0.00702158;90
-69.5848;0.00942605;90
-65.5099;0.00544706;90
-65.6215;0.004419;90
-67.1999;0.00388887;90
-64.8941;0.00381105;90
-55.3341;0.00384324;90
-58.2056;0.00345434;90
-51.8502;0.00477239;90
-57.4294;0.00464206;90
-60.9046;0.00354539;90
-59.1804;0.00354454;90
-54.2039;0.00273208;90
-62.104;0.00229125;90
-67.564;0.00462725;90
-61.7683;0.011517;90
-19.7125;0.00124815;90
-47.7438;0.016263;90
-55.21;0.00118478;90
-52.1804;0.00281159;90
-55.8506;0.00262936;90
-56.375;0.00219772;90
-55.1962;0.00443789;90
-56.2861;0.00400688;90
-51.0003;0.00244869;90
24.789;0.000865774;90
77.6604;0.00656977;90
76.0896;0.00861464;90
76.3161;0.0210598;90
85.1501;0.0042462;90
79.9045;0.00898512;90
75.4832;0.00870491;90
63.2001;0.0075298;90
56.2837;0.0072638;90
58.2235;0.00737552;90
64.8013;0.00744554;90
67.1395;0.00785607;90
65.3123;0.00778122;90
60.0786;0.00716502;90
27.4212;0.00511804;90
0.780006;0.00374635;90
5.75885;0.00567062;90
27.3092;0.00526817;90
58.0595;0.006922;90
43.6257;0.00595555;90
46.8662;0.00662274;90
59.0039;0.00699251;90
43.6884;0.00410866;90
49.6868;0.016953;90
52.1329;0.00320609;90
50.142;0.00504145;90
64.824;0.0048519;90
-50.149;0.0025843;90
-79.9748;0.00192438;90
17.664;0.000893108;90
70.6972;0.00382079;90
64.0683;0.00303453;90
46.3852;0.00263262;90
61.1613;0.00386652;90
63.0181;0.00338102;90
28.5963;0.00225851;90
14.1594;0.00169242;90
96.0893;0.00287522;90
96.2533;0.0010925;90
66.5752;0.00136337;90
-32.2208;0.000789598;90
-34.8208;0.000548151;90
-59.3925;0.00380631;90
23.4272;0.00236931;90
-9.49056;0.00133426;90
84.8152;0.00215783;90
36.9366;0.002576;90
16.5897;0.00195435;90
1.17483;0.0028776;90
75.3419;0.002458;90
72.8292;0.00235078;90
78.7096;0.00288075;90
78.0558;0.00217918;90
92.7866;0.00777519;90
-41.5281;0.00532439;90
73.2583;0.00529755;90
61.3476;0.00196457;90
85.8957;0.00656684;90
65.1624;0.00121653;90
86.4812;0.00167816;90
-21.6636;0.00123525;90
-38.6632;0.0026523;90
-37.7512;0.0016644;90
-30.7768;0.00283763;90
60.4512;0.00115986;90
-31.0838;0.00155532;90
60.5719;0.00186229;90
77.3551;0.00224751;90
78.064;0.00131033;90
91.757;0.00260923;90
-82.8958;0.0170529;90
-72.4435;0.00278471;90
-55.7014;0.00274176;90
-78.4167;0.0115492;90
-96.6454;0.00368979;90
-106.268;0.00388036;90
-123.57;0.00291163;90
-141.39;0.00088941;90
117.619;0.0026985;90
138.456;0.00292071;90
-132.72;0.00220368;90
-146.499;0.00318871;90
155.439;0.0021099;90
152.469;0.006685;90
178.096;0.000812449;90
-175.07;0.00240891;90
-153.901;0.00093426;90
-165.746;0.00229465;90
123.441;0.00197974;90
111.74;0.00259454;90
130.825;0.00289409;90
-157.107;0.00251403;90
-131.352;0.00236724;90
-126.427;0.00194006;90
179.168;0.00165217;90
-163.621;0.00236185;90
148.857;0.00241505;90
113.199;0.000814888;90
79.4027;0.00236534;90
-10.5285;0.000733346;90
-52.0013;0.000812158;90
125.95;0.00846049;90
71.2974;0.00433174;90
101.235;0.00209413;90
117.965;0.00175718;90
144.451;0.00343651;90
63.1161;0.00120526;90
-57.6617;0.00280978;90
-61.6139;0.00531961;90
-70.7762;0.00110247;90
-65.999;0.00135955;90
-77.393;0.00317966;90
-14.4095;0.0077436;90
87.6365;0.00138218;90
22.6852;0.000674154;90
15.678;0.00129519;90
87.6346;0.00370716;90
80.0666;0.00293906;90
6.71924;0.00106834;90
-5.30314;0.00186097;90
-44.5155;0.00359577;90
88.6322;0.00976078;90
92.9636;0.00678908;90
-15.9192;0.000900536;90
56.7112;0.00407937;90
66.3998;0.00112401;90
70.2743;0.00150215;90
103.409;0.0020396;90
108.598;0.00144548;90
-99.3106;0.00844323;90
-146.617;0.00139759;90
-89.4012;0.00440124;90
-90.382;0.00180004;90
-89.4487;0.00789937;90
-90;0.001141;90
-100.815;0.00195064;90
-110.573;0.00193223;90
-97.9286;0.00132668;90
-107.933;0.000902865;90
-108.015;0.00526723;90
165.327;0.00340299;90
-154.168;0.00199205;90
-144.678;0.000710859;90
-114.403;0.00221707;90
177.156;0.00122951;90
-160.717;0.00222269;90
-159.384;0.00212722;90
132.44;0.00134555;90
109.618;0.00206699;90
71.5544;0.00169719;90
14.1068;0.000590817;90
-41.9257;0.000830632;90
162.324;0.00350759;90
119.622;0.00214655;90
97.4948;0.00292095;90
83.1836;0.00276353;90
64.7705;0.002149;90
95.9116;0.0017865;90
116.19;0.00218647;90
119.327;0.00222748;90
118.481;0.00232771;90
-112.406;0.00130124;90
-108.435;0.00111945;90
132.621;0.000732487;90
-33.2325;0.00434094;90
-61.9071;0.00214694;90
-75.7938;0.001308;90
-116.294;0.0022665;90
-96.2347;0.00431854;90
-77.4664;0.00128564;90
-64.6749;0.00245936;90
-50.2053;0.00202644;90
51.0105;0.00143838;90
-22.8207;0.00107516;90
-82.2367;0.00424188;90
22.2169;0.00225329;90
15.3231;0.00236508;90
24.4122;0.00134527;90
73.7858;0.00184436;90
1.43551;0.00502958;90
36.2466;0.00084565;90
74.3069;0.00399284;90
76.1315;0.00281609;90
75.9442;0.00284519;90
89.6092;0.00219905;90
91.2048;0.00708657;90
-34.0213;0.00182305;90
-51.1053;0.0024001;90
-29.5107;0.00118355;90
76.0976;0.00228493;90
74.0331;0.00182854;90
72.8959;0.00300909;90
77.9734;0.00228925;90
79.9;0.003678;90
82.1387;0.00295376;90
17.6012;0.000608487;90
-37.4076;0.00238691;90
-29.2529;0.0029468;90
-33.6505;0.002411;90
68.0976;0.00136988;90
-38.3401;0.00170716;90
51.9203;0.00161976;90
80.0184;0.00226732;90
76.2952;0.00125781;90
94.6929;0.00215121;90
-100.094;0.00720046;90
141.406;0.00163514;90
131.992;0.000970073;90
89.7142;0.00300704;90
99.4471;0.0018582;90
90.8846;0.00220226;90
84.6043;0.00133994;90
163.967;0.00189365;90
176.681;0.00205545;90
-179.076;0.00148819;90
-101.431;0.00315355;90
-105.827;0.00212662;90
-120.603;0.00125128;90
127.788;0.00295718;90
112.763;0.00452548;90
108.543;0.00351551;90
106.651;0.0050988;90
102.905;0.00560148;90
117.521;0.00520048;90
105.772;0.00605186;90
104.207;0.00576534;90
109.151;0.00501134;90
134.205;0.00407616;90
122.183;0.0047557;90
110.117;0.0055794;90
97.0492;0.00572024;90
92.3383;0.00485304;90
83.5981;0.00379366;90
80.0525;0.00543572;90
79.8954;0.00261049;90
80.6638;0.00589914;90
85.7397;0.00574788;90
86.8646;0.00572257;90
105.294;0.00300647;90
106.723;0.00183146;90
75.1176;0.00436854;90
75.5834;0.00416516;90
71.773;0.00610007;90
43.7199;0.00126604;90
27.988;0.00223318;90
45.8692;0.00275025;90
21.9427;0.00225862;90
-10.0644;0.00123602;90
79.7673;0.00184637;90
80.6085;0.00172816;90
73.9004;0.00229709;90
-83.7194;0.0048813;90
37.695;0.00279169;90
38.8595;0.00304744;90
41.979;0.00309931;90
44.966;0.00476024;90
-102.138;0.00194038;90
-83.6611;0.00480035;90
-90.7192;0.00549743;90
-96.5786;0.0052546;90
-97.2332;0.00551993;90
-92.9098;0.0048853;90
-98.3557;0.00524366;90
-149.814;0.00128876;90
-141.1;0.00137746;90
-119.826;0.0009671;90
2.46469;0.00230213;90
-93.5737;0.00269524;90
-91.087;0.00479686;90
-87.9742;0.00333809;90
-78.1437;0.00419551;90
-94.6251;0.0046381;90
-115.257;0.00479985;90
-123.465;0.00444124;90
-123.293;0.00460717;90
-116.141;0.00477101;90
-105.733;0.00592289;90
-95.1741;0.00664206;90
-92.184;0.00590429;90
-93.7878;0.00508611;90
159.228;0.00102353;90
-80.8857;0.00414129;90
-68.7872;0.0048807;90
-65.2298;0.0048976;90
-78.556;0.0049443;90
-72.8679;0.00372739;90
-69.4477;0.00180594;90
-73.1826;0.00320403;90
-65.7123;0.00330886;90
-51.4138;0.00291811;90
47.1295;0.00106564;90
75.3639;0.00173738;90
76.5727;0.00198527;90
59.9796;0.001625;90
-4.3175;0.00146115;90
2.60589;0.00156161;90
-4.01555;0.00145658;90
-19.7989;0.000531413;90
-97.787;0.00118089;90
-90.9716;0.00182826;90
-87.6408;0.00714205;90
171.26;0.00131628;90
143.52;0.00713997;90
142.42;0.00342206;90
-141.68;0.000632202;90
-108.54;0.00154731;90
150.211;0.00112115;90
96.4331;0.00204387;90
72.0193;0.00139619;90
-84.8645;0.00528421;90
-112.698;0.001472;90
-118.067;0.00226994;90
-124.489;0.00244591;90
-91.6119;0.0052971;90
-90.9332;0.00908721;90
-99.6768;0.00206437;90
-104.231;0.00214378;90
-104.087;0.00221047;90
-108.181;0.00377864;90
-99.563;0.0022452;90
129.837;0.00256163;90
167.288;0.00176322;90
-135.033;0.00369888;90
-135.96;0.00185712;90
-169.317;0.00195285;90
-153.479;0.00234474;90
-171.542;0.00178137;90
101.151;0.0028233;90
54.808;0.00237022;90
-47.9322;0.000898495;90
-140.735;0.00218671;90
-79.1207;0.00242661;90
7.94439;0.00143982;90
18.7408;0.00580476;90
92.8638;0.00206157;90
83.7753;0.00383662;90
56.297;0.00368543;90
95.5503;0.00209884;90
94.1888;0.00506553;90
122.831;0.00111036;90
114.636;0.00138178;90
109.358;0.00264875;90
98.2525;0.00132371;90
-65.9586;0.00405255;90
-84.0546;0.0104653;90
-90.2227;0.00102901;90
-145.008;0.000964318;90
170.821;0.00109705;90
-98.7781;0.00300115;90
-83.3125;0.00209526;90
-105.882;0.00222909;90
172.375;0.00125106;90
-154.861;0.00190438;90
-161.303;0.00179999;90
-152.686;0.00191558;90
110.844;0.00212187;90
90.4753;0.00180806;90
21.5522;0.00187833;90
125.572;0.0011741;90
167.326;0.000469439;90
-108.181;0.00192932;90
-75.7986;0.00185055;90
-91.7027;0.00205291;90
-155.184;0.00196329;90
-147.076;0.00271744;90
-115.788;0.00606835;90
-122.352;0.00103341;90
-143.655;0.00179028;90
-115.935;0.00276439;90
-112.436;0.00365787;90
116.239;0.00558221;90
95.2418;0.00142295;90
87.7938;0.00246783;90
-28.1286;0.00108177;90
-87.4359;0.00230231;90
-171.947;0.00126346;90
-78.3273;0.00139383;90
-76.0569;0.00388033;90
-61.2151;0.00193968;90
67.0847;0.00302796;90
73.7484;0.00318736;90
51.0618;0.00208916;90
41.132;0.00299789;90
66.1193;0.00348538;90
60.3726;0.00296344;90
41.0521;0.00205407;90
6.79855;0.00169794;90
93.5402;0.00395154;90
17.5331;0.00190867;90
-128.562;0.00725897;90
-126.02;0.00222424;90
-109.281;0.00378851;90
-125.047;0.00282283;90
-145.604;0.00234018;90
-115.308;0.00322116;90
-107.124;0.00329089;90
171.741;0.0010024;90
103.087;0.00383768;90
94.3462;0.00418303;90
13.4092;0.00095298;90
-83.3849;0.000989588;90
111.461;0.000844557;90
88.3262;0.000924394;90
167.09;0.000962325;90
-90.4922;0.00314312;90
-75.7779;0.00366328;90
-119.917;0.00156793;90
-138.89;0.00389807;90
-129.92;0.00543851;90
-129.934;0.00548524;90
-128.919;0.00552673;90
-130.498;0.00546796;90
-131.913;0.00509432;90
-125.424;0.0059763;90
-125.498;0.00559;90
-135.87;0.00512287;90
-136.292;0.00501891;90
-120.869;0.00621546;90
-143.221;0.00466321;90
-174.336;0.00406284;90
-179.114;0.00433452;90
-172.369;0.00414168;90
-141.257;0.00496305;90
-116.862;0.00656876;90
-112.751;0.00728156;90
-113.358;0.00709005;90
-115.15;0.00702832;90
-119.843;0.00659332;90
-125.6;0.0061001;90
-119.802;0.00647077;90
-110.141;0.00742294;90
-102.572;0.00798955;90
-97.0841;0.00850593;90
-99.2221;0.00831143;90
-104.636;0.00857216;90
-106.649;0.00762986;90
-102.63;0.00666325;90
-103.851;0.00584805;90
-100.085;0.00261541;90
118.694;0.00280552;90
122.725;0.00419718;90
124.881;0.00402883;90
132.508;0.00242272;90
119.048;0.00322117;90
123.408;0.00450422;90
126.059;0.00375798;90
124.532;0.00447553;90
132.765;0.00174081;90
139.773;0.00260908;90
146.204;0.00300593;90
137.98;0.00352262;90
122.043;0.00440864;90
113.367;0.00433668;90
111.932;0.0033494;90
117.343;0.00566493;90
122.622;0.00160641;90
122.088;0.00405672;90
121.382;0.00470296;90
123.16;0.00521773;90
127.029;0.00567562;90
122.016;0.0053815;90
114.454;0.00588709;90
114.298;0.0059808;90
114.109;0.00594893;90
111.821;0.00602359;90
108.181;0.00657634;90
107.334;0.00641745;90
107.625;0.00680337;90
108.589;0.00633976;90
105.384;0.00605391;90
99.1911;0.00781331;90
97.6298;0.00732081;90
99.0692;0.00687697;90
101.715;0.00691503;90
107.674;0.00640639;90
115.226;0.00585428;90
124.401;0.00520543;90
134.253;0.00466306;90
135.467;0.00459705;90
131.334;0.00374897;90
115.409;0.00682632;90
104.361;0.00576929;90
99.3199;0.00793474;90
100.097;0.00705019;90
101.989;0.00747608;90
103.596;0.00687876;90
104.956;0.00671134;90
103.145;0.0066441;90
102.993;0.00668515;90
107.035;0.00665289;90
114.81;0.0042635;90
116.145;0.00598209;90
115.118;0.00715457;90
115.432;0.00472484;90
115.964;0.00596839;90
115.819;0.006762;90
110.125;0.00623145;90
101.327;0.00580916;90
93.9776;0.00846238;90
106.33;0.00687849;90
139.521;0.00407288;90
-174.061;0.00304434;90
133.337;0.00299727;90
108.016;0.0057457;90
99.3458;0.00258633;90
102.779;0.00439896;90
113.036;0.00268076;90
113.883;0.0038901;90
115.908;0.00409451;90
111.725;0.00484405;90
110.492;0.00284504;90
97.5318;0.00415787;90
99.0179;0.00671804;90
97.3892;0.0060805;90
98.1198;0.00626581;90
90.4576;0.00676122;90
84.5357;0.00657387;90
89.4783;0.00669928;90
104.261;0.00656428;90
114.715;0.00545796;90
103.596;0.00621516;90
98.9182;0.00607646;90
98.6063;0.00700993;90
99.0576;0.00651727;90
96.5668;0.00650568;90
94.6279;0.00690351;90
96.6068;0.00659681;90
102.22;0.00634477;90
100.858;0.00643928;90
97.9856;0.00661515;90
98.259;0.00653679;90
100.405;0.00648362;90
101.252;0.00641124;90
101.432;0.0053481;90
102.671;0.00765441;90
107.129;0.010349;90
110.983;0.00211956;90
109.596;0.00544751;90
114.348;0.00422038;90
108.459;0.00605766;90
107.832;0.00721355;90
111.79;0.00554951;90
111.596;0.00570014;90
116.069;0.00423706;90
119.161;0.0010959;90
131.405;0.00204119;90
137.813;0.00293945;90
138.502;0.00322973;90
137.053;0.00323638;90
125.797;0.00408952;90
120.928;0.0032571;90
154.552;0.000802901;90
-130.432;0.00139389;90
-112.777;0.00142839;90
-130.804;0.00159456;90
-116.973;0.00169767;90
-110.846;0.00178162;90
-115.637;0.00226499;90
124.431;0.00107177;90
138.948;0.00172519;90
162.221;0.00127069;90
-116.934;0.00187655;90
-133.304;0.00105122;90
158.775;0.00138387;90
171.542;0.00121016;90
122.579;0.00158785;90
115.279;0.00163453;90
-37.8669;0.00558625;90
69.1092;0.00140218;90
-15.2653;0.000983708;90
-43.5555;0.00179521;90
-59.3354;0.00144507;90
9.05287;0.00163335;90
-50.7072;0.00240335;90
-59.3224;0.00243823;90
-49.4894;0.0023307;90
-41.2094;0.00206432;90
-32.8872;0.00172196;90
-5.05659;0.00154301;90
12.4694;0.00157004;90
-5.89866;0.00157635;90
34.3418;0.00219454;90
33.6168;0.00216749;90
52.0439;0.000991778;90
31.0436;0.000738817;90
76.0831;0.00104776;90
-64.7299;0.00322568;90
-66.1953;0.00479164;90
-68.3926;0.00542846;90
-69.3979;0.00640566;90
-70.3185;0.00626501;90
-70.6599;0.00626557;90
-70.5685;0.00636347;90
-70.4224;0.00621638;90
-71.9563;0.00578868;90
-77.4288;0.00748443;90
-77.7973;0.00685999;90
-77.9335;0.00680229;90
-80.0661;0.00699081;90
-82.2184;0.00706809;90
-81.4923;0.00701621;90
-78.4881;0.0075111;90
-78.9614;0.00691494;90
-84.6083;0.00709841;90
-85.0254;0.00721919;90
-81.8733;0.00712354;90
-81.142;0.00701365;90
-81.4886;0.00703346;90
-77.7728;0.00673784;90
-66.2645;0.00599729;90
-75.48;0.00666487;90
-89.3584;0.00714445;90
-95.5824;0.00720618;90
-87.5522;0.00775007;90
-82.1255;0.00710197;90
-81.9015;0.00717657;90
-81.504;0.00620004;90
-67.9721;0.00136246;90
-72.58;0.00373112;90
-65.4152;0.00481445;90
-67.0582;0.00480508;90
-64.7737;0.00290947;90
-73.1198;0.00403276;90
-76.4514;0.00763651;90
-74.3353;0.00176662;90
-33.9807;0.00524947;90
5.34031;0.00149348;90
-48.1078;0.00452578;90
-76.1282;0.00676119;90
-85.8701;0.0074704;90
-74.7403;0.0119721;90
-65.5523;0.00250566;90
-63.5791;0.0113763;90
-65.456;0.00270106;90
-64.2357;0.00460809;90
-64.4362;0.00637287;90
-64.514;0.00629341;90
-72.1911;0.00685971;90
-76.1786;0.00776071;90
-76.2741;0.00729946;90
-75.8381;0.00729985;90
-76.7768;0.00738377;90
-78.7267;0.00736102;90
-80.1477;0.00780206;90
-79.8403;0.00752296;90
-71.5153;0.00692001;90
-57.896;0.00579162;90
-45.2917;0.00833407;90
-43.0441;0.00190606;90
-53.7225;0.00508707;90
-66.606;0.010316;90
-74.2552;0.00333513;90
-79.99;0.00820388;90
-81.3822;0.0128602;90
-81.2808;0.00306745;90
-77.7213;0.00683229;90
-73.3108;0.00712096;90
-72.1342;0.00693964;90
-72.1541;0.00698299;90
-72.1981;0.00701278;90
-68.7579;0.00669594;90
-65.1855;0.00639769;90
-66.8419;0.00650952;90
-63.2906;0.00887722;90
-57.3137;0.00189986;90
-53.9798;0.00409985;90
-53.7431;0.00403783;90
-58.3731;0.00405999;90
-57.9017;0.00666952;90
-58.8679;0.00134233;90
-58.9869;0.00219124;90
-58.369;0.00303367;90
-68.4905;0.0033901;90
-68.1032;0.00591255;90
-61.7758;0.00197707;90
-52.4964;0.00381563;90
-38.3276;0.0030976;90
-32.5471;0.00248888;90
-32.5703;0.0010644;90
-45.9328;0.00165061;90
-48.7528;0.00123159;90
-54.0018;0.00318157;90
-55.557;0.00373595;90
-56.0742;0.00390956;90
-54.7116;0.00350013;90
-48.6027;0.00163169;90
-59.1025;0.00355791;90
-55.2189;0.00434048;90
-54.921;0.0028606;90
51.3121;0.00382032;90
77.0458;0.0066913;90
75.5417;0.00655252;90
73.558;0.00684699;90
77.1745;0.00764473;90
81.7041;0.00772079;90
82.229;0.00798735;90
76.7271;0.0079925;90
68.274;0.0073372;90
59.183;0.0062249;90
54.4916;0.00591747;90
60.5373;0.00659947;90
65.3743;0.00712283;90
66.1324;0.00735497;90
67.5596;0.00739281;90
60.6253;0.00643196;90
35.125;0.00490648;90
4.91913;0.00406999;90
0.855307;0.00408646;90
14.3821;0.00434001;90
40.8859;0.00506604;90
55.5336;0.00601849;90
44.0911;0.00521557;90
45.9041;0.00510878;90
55.4524;0.00589324;90
56.1293;0.00589427;90
50.7665;0.0059891;90
44.1708;0.00517939;90
49.7806;0.00556591;90
50.236;0.00512173;90
51.5429;0.00432526;90
62.1443;0.00436815;90
58.4121;0.00133828;90
-73.153;0.00248777;90
-71.9561;0.00250205;90
61.8448;0.00285253;90
68.9016;0.00364752;90
42.4997;0.0023017;90
50.1646;0.00295356;90
68.8827;0.00345288;90
60.1681;0.00302137;90
23.4769;0.00210854;90
12.4981;0.00141862;90
96.609;0.00258921;90
100.521;0.00121035;90
68.9325;0.00150778;90
-30.6793;0.000829034;90
-24.8293;0.000516769;90
7.65926;0.00767548;90
29.959;0.00109536;90
21.6601;0.00112977;90
-49.5036;0.00266554;90
10.6547;0.000703122;90
75.0611;0.00689711;90
85.163;0.0123931;90
-41.6163;0.00055109;90
-37.9645;0.00140286;90
-51.8833;0.00222433;90
-38.2434;0.000709204;90
71.1271;0.00335116;90
72.0979;0.00105403;90
75.1147;0.00224225;90
79.0687;0.00543155;90
76.8808;0.00465243;90
-60.98;0.000803933;90
-50.7771;0.00230414;90
-8.89179;0.00556387;90
94.3335;0.0028321;90
109.274;0.000993694;90
88.1407;0.00141775;90
61.0683;0.00226349;90
12.047;0.000670773;90
21.784;0.00061168;90
17.9541;0.000489854;90
67.8987;0.00141929;90
17.2539;0.00105864;90
34.6573;0.000575029;90
54.3222;0.000855585;90
77.2739;0.00103954;90
80.9873;0.00148736;90
72.141;0.00106954;90
-38.6874;0.000649527;90
-18.6072;0.000736498;90
83.1198;0.0012772;90
72.5733;0.00122209;90
-22.786;0.000583541;90
-48.1798;0.000943319;90
-47.1021;0.00079037;90
-52.48;0.00093426;90
32.613;0.00061971;90
40.9914;0.000637248;90
-65.6341;0.00170156;90
-37.136;0.000646007;90
19.4464;0.000501615;90
73.3747;0.00289398;90
-143.19;0.000958001;90
-174.668;0.000903912;90
80.8329;0.00191445;90
73.858;0.00440257;90
27.6138;0.000977325;90
30.9739;0.000965709;90
8.51329;0.000486359;90
59.6413;0.00116934;90
70.1302;0.000820868;90
103.716;0.000868776;90
63.0605;0.00205275;90
42.7117;0.00138137;90
72.0158;0.00205017;90
81.8515;0.00131932;90
101.457;0.00137949;90
155.739;0.000778781;90
104.845;0.0014442;90
52.1935;0.0014682;90
-38.7629;0.00130171;90
-64.3953;0.00130739;90
-63.1445;0.00114667;90
-28.2749;0.000749416;90
-70.5898;0.00117053;90
-83.3443;0.001484;90
-60.6455;0.000964889;90
52.0297;0.000843556;90
47.7359;0.000799942;90
65.654;0.00101638;90
68.0622;0.00109208;90
70.4599;0.00101655;90
105.515;0.000968282;90
125.377;0.00070644;90
-175.977;0.000783932;90
179.936;0.000892001;90
-154.212;0.000758544;90
78.4644;0.00114513;90
86.8182;0.00158544;90
70.9138;0.00114071;90
46.9287;0.000966455;90
45.2149;0.00094258;90
44.4761;0.000850685;90
102.278;0.00131201;90
91.5817;0.00152158;90
106.67;0.00171508;90
106.098;0.00138845;90
127.418;0.00380497;90
-131.656;0.0008606;90
-137.36;0.00182022;90
-102.986;0.000952355;90
-71.1558;0.00088546;90
-107.877;0.000941455;90
-175.058;0.000452683;90
-143.653;0.000658027;90
-69.2395;0.000787107;90
-124.674;0.00087184;90
87.833;0.00272395;90
85.9305;0.00101456;90
72.5086;0.00311084;90
100.989;0.00136401;90
85.4473;0.000970061;90
138.632;0.000680897;90
119.639;0.00114249;90
131.174;0.00086885;90
142.688;0.00103603;90
124.152;0.00103316;90
-125.213;0.00108565;90
-98.3319;0.00220831;90
-90.6558;0.00235915;90
-96.4605;0.00189302;90
-92.778;0.00142367;90
-103.524;0.0016806;90
-92.2082;0.00158318;90
-108.688;0.000930035;90
-114.47;0.000893235;90
-139.523;0.00060079;90
-155.986;0.000673276;90
-136.003;0.000847951;90
-104.453;0.000933544;90
-59.2989;0.0011223;90
-42.953;0.000890816;90
-41.7976;0.000696173;90
-18.9818;0.000596433;90
51.4214;0.000771343;90
64.2087;0.000728577;90
62.4303;0.00104575;90
30.7088;0.000847897;90
-45.3588;0.000677422;90
-95.3076;0.00114591;90
-117.71;0.00105161;90
-96.4318;0.00186574;90
-84.894;0.00187645;90
-124.91;0.000912134;90
-106.068;0.000896005;90
-84.3754;0.00092847;90
-56.4599;0.00095381;90
-65.8449;0.000755117;90
-85.5791;0.00217948;90
-87.4226;0.00144546;90
161.368;0.00137718;90
170.52;0.000534297;90
177.466;0.000610597;90
-174.834;0.00054421;90
-101.97;0.00185636;90
-64.4022;0.00172202;90
-147.644;0.000988466;90
-114.276;0.000761318;90
136.044;0.000620943;90
-124.38;0.00280865;90
132.333;0.000850864;90
164.993;0.000729895;90
-156.55;0.000748848;90
132.842;0.0009765;90
-143.581;0.000838826;90
94.2258;0.00119425;90
96.4193;0.00135952;90
105.221;0.00116175;90
111.68;0.00105568;90
109.741;0.000971072;90
110.22;0.00115732;90
-149.836;0.0008478;90
-134.854;0.000832267;90
-106.805;0.000989245;90
-99.2424;0.0010709;90
-99.87;0.00117844;90
-85.2752;0.00134758;90
-93.9978;0.00116183;90
-98.6481;0.00111063;90
-105.309;0.00093933;90
-102.357;0.00180378;90
17.0354;0.000750949;90
61.1199;0.00159428;90
29.101;0.0008389;90
-81.5763;0.0012697;90
-67.246;0.00111693;90
-110.325;0.00127541;90
-106.262;0.00171772;90
-136.345;0.00105459;90
-99.331;0.00136304;90
-106.781;0.0018738;90
115.515;0.00129311;90
-84.8796;0.00140059;90
170.183;0.000557159;90
-156.136;0.000588292;90
-92.7538;0.00674379;90
-99.8349;0.00174464;90
-107.545;0.000895665;90
161.842;0.0013092;90
147.731;0.00352315;90
147.118;0.00308888;90
-113.394;0.00203749;90
-98.6193;0.00185495;90
-99.4182;0.0027744;90
-99.7471;0.00198465;90
-103.426;0.00207161;90
-110.54;0.00210908;90
-105.228;0.00130585;90
-104.466;0.0016813;90
-142.77;0.000732214;90
133.499;0.00189004;90
128.246;0.00196597;90
136.056;0.00111247;90
-88.3955;0.00760698;90
-97.1997;0.00133251;90
-103.019;0.00191318;90
-105.696;0.00183337;90
-101.009;0.00168093;90
-106.242;0.00283516;90
-104.795;0.00234577;90
-176.973;0.000852189;90
145.326;0.0025839;90
-146.503;0.00263456;90
-117.389;0.00236287;90
-150.491;0.00123639;90
-168.628;0.00200333;90
-161.154;0.00216084;90
-150.996;0.00174482;90
105.194;0.00171702;90
107.833;0.00180576;90
71.4328;0.00150746;90
26.8008;0.000760717;90
-43.0825;0.000972109;90
77.7147;0.0457517;90
101.449;0.00267013;90
99.5527;0.00312737;90
100.879;0.00278709;90
102.776;0.00308847;90
100.005;0.00779352;90
102.694;0.00271229;90
163.518;0.00111377;90
114.834;0.0106718;90
119.153;0.0038531;90
88.455;0.0173953;90
78.4955;0.00970192;90
75.2109;0.00217816;90
93.9905;0.0316277;90
111.745;0.00245898;90
114.606;0.0108195;90
152.003;0.00239871;90
-172.354;0.00921393;90
146.624;0.00151602;90
163.501;0.0122222;90
-168.591;0.00542929;90
178.802;0.00114825;90
179.849;0.001137;90
-121.559;0.0272727;90
-132.399;0.00208812;90
-126.42;0.0155937;90
-131.397;0.00450044;90
173.119;0.012353;90
163.842;0.00177512;90
165.87;0.00178191;90
121.488;0.0229632;90
129.696;0.00288391;90
131.959;0.00519748;90
133.145;0.00443518;90
130.92;0.00842744;90
118.598;0.00262188;90
119.494;0.00336968;90
115.315;0.0125071;90
111.421;0.00243415;90
121.268;0.00287453;90
146.823;0.0123695;90
149.899;0.00183439;90
133.631;0.0024869;90
150.999;0.00523892;90
165.446;0.00405512;90
142.081;0.00936137;90
121.359;0.00429666;90
116.558;0.0113463;90
121.703;0.00283151;90
132.486;0.00232154;90
142.028;0.00455404;90
121.459;0.00877008;90
123.23;0.00176095;90
117.127;0.00323932;90
154.801;0.0066609;90
130.883;0.00194036;90
112.931;0.00320312;90
111.107;0.0143315;90
112.856;0.00331857;90
126.335;0.00434599;90
134.207;0.00444318;90
116.081;0.00603894;90
105.726;0.00532015;90
125.736;0.0323821;90
133.515;0.00182848;90
128.128;0.00190306;90
134.163;0.0230011;90
129.274;0.00189247;90
130.601;0.00284884;90
131.92;0.00439607;90
139.385;0.00717693;90
148.21;0.00166474;90
160.523;0.0022943;90
-178.224;0.0035497;90
-167.342;0.00356873;90
164.762;0.00342439;90
144.407;0.0119102;90
136.182;0.00106301;90
132.868;0.00199613;90
128.038;0.00444512;90
130.981;0.00456074;90
128.576;0.00479032;90
122.025;0.0053726;90
133.129;0.00472175;90
136.933;0.00412973;90
145.468;0.00392687;90
158.662;0.00325943;90
-143.225;0.0015768;90
-136.902;0.00217343;90
-147.277;0.00192203;90
-175.313;0.00713486;90
155.806;0.000627083;90
128.838;0.00931409;90
133.946;0.000806945;90
125.963;0.000922915;90
126.695;0.00222741;90
175.471;0.00168426;90
-113.861;0.00199993;90
-162.851;0.00138037;90
131.674;0.00522796;90
-27.0256;0.00595305;90
-4.83441;0.000605153;90
-48.4377;0.00320755;90
44.7268;0.00118654;90
71.0834;0.00270827;90
62.8705;0.00317761;90
48.6782;0.000595196;90
48.6478;0.00116697;90
70.2808;0.00165081;90
67.3878;0.00230954;90
-62.1725;0.00495275;90
-53.51;0.00193044;90
-47.2937;0.00312721;90
-41.8505;0.00311456;90
-41.9244;0.00325526;90
-44.4759;0.00286037;90
-4.97772;0.00217822;90
-22.8959;0.00352904;90
-38.8269;0.004123;90
-42.1447;0.00430101;90
-50.4211;0.00469284;90
-58.7577;0.00514982;90
-50.1994;0.00438514;90
-49.0041;0.00371643;90
-49.6947;0.00419875;90
-50.0766;0.00410743;90
-28.994;0.00339785;90
-21.7774;0.00309703;90
-43.3911;0.0036013;90
-34.5525;0.00335354;90
1.51703;0.00298405;90
13.4853;0.00385941;90
-13.0739;0.00346584;90
-39.047;0.00688617;90
-32.2514;0.00157973;90
-47.5322;0.00709001;90
-49.9683;0.00496416;90
-46.9852;0.00163298;90
-40.5365;0.00345267;90
-48.5473;0.00399999;90
-48.9213;0.0046736;90
-45.0514;0.0126077;90
-43.2946;0.00178199;90
-46.5632;0.00261798;90
-44.2795;0.00438582;90
-37.9991;0.00400878;90
-55.0954;0.00461892;90
-65.5565;0.01051;90
-60.2086;0.00137468;90
-71.0648;0.00220957;90
-74.066;0.00483372;90
-68.738;0.00489199;90
-46.7446;0.00608535;90
-51.6336;0.00167717;90
-64.5591;0.00405746;90
-71.2863;0.00500563;90
-63.4895;0.00469351;90
-66.6612;0.00831973;90
-64.5111;0.00183345;90
-31.9891;0.00447563;90
-15.9109;0.000911937;90
-33.8191;0.00270944;90
-62.918;0.00297409;90
-57.7583;0.00398319;90
-57.0445;0.00506261;90
-53.8625;0.00309805;90
-37.6708;0.00369156;90
-59.6188;0.00492535;90
-59.0383;0.00467282;90
-59.2312;0.00443532;90
-65.8629;0.00426488;90
-55.589;0.00381331;90
-41.139;0.00344436;90
-27.3625;0.0033419;90
-16.3728;0.00309345;90
-15.1414;0.00318145;90
-35.1288;0.00353483;90
-36.4222;0.00468394;90
-33.8458;0.00408289;90
-17.8914;0.0036001;90
-42.7747;0.00411564;90
-62.9435;0.00500585;90
-72.1589;0.00604154;90
-61.0897;0.00524574;90
-58.4399;0.00499242;90
-57.0969;0.00516918;90
-46.9827;0.00468031;90
-46.0716;0.00457507;90
-49.9902;0.00463356;90
-53.7785;0.00505492;90
-64.9805;0.00532244;90
-67.3879;0.00564385;90
-59.2361;0.00506353;90
-49.3926;0.0040438;90
-36.2556;0.00358141;90
-15.1609;0.0030398;90
-13.4643;0.00262412;90
-23.7575;0.00368857;90
-9.69923;0.00290249;90
5.34507;0.00265153;90
46.394;0.00249966;90
66.2423;0.00383499;90
65.3963;0.00469089;90
46.3343;0.00555724;90
23.5153;0.00204263;90
39.153;0.00319293;90
54.5227;0.00816361;90
68.3159;0.00208666;90
57.5487;0.00309179;90
66.6953;0.00340478;90
53.1349;0.0047872;90
61.274;0.00506427;90
46.8759;0.00369378;90
9.2419;0.00311949;90
9.90065;0.00253576;90
7.21567;0.00203814;90
6.36969;0.00214524;90
4.17346;0.00255578;90
-29.3857;0.0034625;90
-33.4932;0.00322921;90
-30.3772;0.00355158;90
-5.99838;0.00225836;90
20.3736;0.0037485;90
-20.7341;0.0056125;90
-46.4004;0.00124417;90
-15.9566;0.0014041;90
-86.7477;0.00188604;90
-83.3199;0.00236405;90
-70.7178;0.00618071;90
-62.2086;0.00478494;90
-78.2944;0.00800957;90
-94.0177;0.00336828;90
-93.6815;0.00594928;90
-94.7328;0.005866;90
-99.8069;0.00571247;90
-99.5034;0.00549948;90
-98.9905;0.00417226;90
-135.429;0.000755211;90
-95.7102;0.0138397;90
-79.7173;0.00369738;90
-54.6258;0.00423724;90
-80.0223;0.000877268;90
43.3769;0.0017225;90
-75.0338;0.00106099;90
-65.84;0.00223804;90
-77.2781;0.0029289;90
-69.8632;0.00385462;90
-51.3495;0.000959063;90
-78.1995;0.00391678;90
-80.0451;0.00675064;90
-71.5132;0.00139709;90
-81.2427;0.00235141;90
-56.2902;0.000805425;90
-82.3151;0.000964664;90
-78.7591;0.00113885;90
-78.7791;0.00113571;90
-77.6455;0.00385118;90
-75.9638;0.0037108;90
-73.8694;0.00399529;90
-83.408;0.00721268;90
-77.4297;0.00299581;90
-77.7041;0.0021882;90
-73.9679;0.00236082;90
-89.7069;0.00234603;90
-92.1452;0.00766737;90
-71.6095;0.00122349;90
-103.129;0.00173022;90
-102.775;0.00179544;90
-106.366;0.00220744;90
-104.782;0.00143448;90
-117.387;0.00451956;90
138.949;0.00099585;90
157.48;0.00154046;90
-147.323;0.00211707;90
-121.715;0.00192318;90
-125.118;0.00198173;90
158.387;0.0016371;90
-151.708;0.00273014;90
-154.561;0.00218372;90
101.169;0.00222514;90
83.3019;0.00284643;90
-25.6076;0.000990269;90
-99.0595;0.00462975;90
30.1601;0.00171172;90
20.7973;0.00280796;90
-7.12904;0.00176464;90
67.6686;0.00172648;90
54.1368;0.00171887;90
28.2516;0.0033126;90
-38.5817;0.00217597;90
51.7209;0.00192738;90
75.6;0.00336161;90
71.5414;0.00229929;90
79.4104;0.00257384;90
79.6375;0.00142321;90
80.2596;0.00694512;90
-49.9665;0.00218894;90
-46.9614;0.00123958;90
72.0735;0.00224499;90
73.7112;0.0016044;90
70.6335;0.00233407;90
78.3483;0.00164387;90
79.7124;0.00267094;90
80.8598;0.00321685;90
80.6125;0.00264239;90
75.5757;0.00221998;90
74.1216;0.00223321;90
75.3536;0.00245994;90
78.1182;0.00259357;90
87.7193;0.00392011;90
72.7903;0.00291344;90
86.2513;0.00373198;90
74.675;0.00366637;90
-4.67191;0.00207489;90
19.6519;0.00198035;90
29.7685;0.00210475;90
-28.7487;0.00181924;90
-70.0585;0.00270626;90
-67.8623;0.00205661;90
155.425;0.00900247;90
-160.17;0.00153289;90
-93.3539;0.00403391;90
-96.9312;0.00344719;90
-117.632;0.0020893;90
-95.1225;0.00461443;90
-99.8442;0.00488391;90
-106.28;0.0023294;90
-100.461;0.00157518;90
130.428;0.00221747;90
120.127;0.00340495;90
108.951;0.00333476;90
108.21;0.00385927;90
105.332;0.00464429;90
104.054;0.00548106;90
118.641;0.00467958;90
105.951;0.00545816;90
103.653;0.00550762;90
107.978;0.00522931;90
132.095;0.00379497;90
127.432;0.00397319;90
112.987;0.00497287;90
101.148;0.00554462;90
93.7274;0.00562991;90
86.6978;0.00371517;90
80.2838;0.00808802;90
80.8618;0.00708998;90
85.1466;0.00599249;90
86.6308;0.00610856;90
110.686;0.00268938;90
104.297;0.00176155;90
75.2301;0.00420494;90
74.6306;0.00404465;90
73.9866;0.00370475;90
67.1851;0.00311794;90
32.5631;0.00243949;90
39.6578;0.00277969;90
28.2104;0.00266336;90
-6.0297;0.00130422;90
79.4036;0.00196857;90
78.8269;0.0018888;90
70.5678;0.00161712;90
-124.871;0.00636487;90
-132.761;0.00318583;90
-153.314;0.00274545;90
-124.675;0.00321136;90
-105.396;0.00418104;90
-105.689;0.0039938;90
-105.234;0.00399228;90
-95.0192;0.00331471;90
-97.0212;0.00280604;90
-94.2651;0.00338838;90
-102.019;0.0032799;90
-93.6566;0.0033398;90
-88.5141;0.00188964;90
-91.606;0.00353239;90
-88.0463;0.00325589;90
-91.7993;0.00267532;90
-98.5612;0.00233097;90
-171.015;0.000710721;90
-96.7853;0.0272197;90
-75.039;0.0184535;90
-69.3244;0.0264164;90
-65.2727;0.00334688;90
-88.992;0.0154054;90
169.789;0.00158511;90
-137.762;0.0010711;90
-102.907;0.00210416;90
-95.3243;0.00135786;90
-90.7467;0.00168814;90
-93.8123;0.00213573;90
152.288;0.0013182;90
-117.419;0.00158957;90
-96.9137;0.0027913;90
-74.7543;0.00159721;90
-114.136;0.00201517;90
-177.946;0.00189722;90
-159.383;0.00241678;90
-154.055;0.00227421;90
101.403;0.00264522;90
98.0126;0.00158548;90
57.8401;0.00145411;90
-46.1347;0.0012497;90
3.46716;0.0113929;90
37.8504;0.00122718;90
77.1586;0.00540827;90
68.2583;0.00106905;90
79.1854;0.00176943;90
87.1386;0.0109376;90
100.456;0.00200021;90
101.837;0.00351475;90
100.527;0.0162454;90
105.476;0.00338784;90
106.029;0.00262194;90
99.9655;0.00359423;90
101.231;0.0135342;90
100.004;0.00182475;90
167.125;0.000825761;90
105.547;0.00762603;90
113.693;0.000883463;90
108.663;0.000953118;90
128.285;0.00128799;90
139.907;0.00242223;90
107.391;0.000920059;90
116.067;0.00149286;90
84.2438;0.0312275;90
84.117;0.00238054;90
85.8103;0.013099;90
87.7244;0.00259405;90
96.8428;0.00319778;90
114.412;0.00555787;90
116.389;0.00495202;90
115.028;0.0123176;90
145.021;0.00176356;90
-169.43;0.00119935;90
-162.441;0.00678198;90
156.655;0.00133749;90
159.015;0.0126211;90
-175.365;0.00111364;90
-147.504;0.0139526;90
-123.006;0.00383131;90
-117.897;0.00917975;90
-116.18;0.00219632;90
-132.452;0.00222676;90
-128.256;0.00585291;90
-145.26;0.00817044;90
-115.819;0.00168301;90
-117.45;0.00289605;90
-112.871;0.00441512;90
-124.998;0.0033668;90
167.997;0.0148394;90
155.994;0.00188286;90
123.106;0.0162452;90
112.631;0.00205308;90
112.222;0.00245106;90
127.851;0.0115563;90
130.192;0.00191522;90
138.24;0.00176422;90
135.44;0.00396204;90
118.963;0.0195044;90
107.366;0.0033235;90
137.055;0.0109849;90
150.328;0.0018403;90
148.068;0.0260027;90
123.812;0.00130826;90
110.033;0.00374243;90
124.369;0.0261989;90
126.964;0.0010976;90
118.974;0.00618059;90
127.028;0.00167221;90
-175.919;0.000941387;90
126.565;0.015329;90
122.299;0.00171425;90
114.155;0.0015738;90
113.828;0.011275;90
137.732;0.00146892;90
144.294;0.00225487;90
119.733;0.00436119;90
109.466;0.00509525;90
109.741;0.00922518;90
113.497;0.00310006;90
117.013;0.00474687;90
126.75;0.00763802;90
153.092;0.00127056;90
139.126;0.0036064;90
133.15;0.00484125;90
137.119;0.00872035;90
130.388;0.00151245;90
133.661;0.00235955;90
132.288;0.00413909;90
133.342;0.0250442;90
140.808;0.00164895;90
150.561;0.0373553;90
130.41;0.00191746;90
125.438;0.00254559;90
128.715;0.0128341;90
135.967;0.00255655;90
152.08;0.00642826;90
173.556;0.000971136;90
-166.296;0.000962398;90
139.12;0.00258834;90
132.988;0.00282027;90
139.537;0.00404034;90
111.318;0.00136435;90
130.125;0.00765455;90
-116.907;0.000824229;90
-120.074;0.00088401;90
-111.054;0.00175088;90
-119.882;0.0033781;90
-115.171;0.00143419;90
-116.353;0.00205451;90
116.169;0.00135822;90
140.014;0.00220045;90
-136.684;0.00346491;90
145.148;0.00396526;90
119.101;0.00119255;90
-24.7625;0.00540278;90
-3.67243;0.0012646;90
-45.3258;0.00149202;90
-63.2745;0.000798279;90
18.7052;0.000938574;90
65.1373;0.00123441;90
67.5552;0.00110793;90
65.3462;0.00201134;90
62.3715;0.00166258;90
51.1279;0.00139105;90
68.0778;0.00158566;90
63.3629;0.00177768;90
3.5244;0.000894692;90
-60.5892;0.00406258;90
-53.2435;0.00414261;90
-41.849;0.00382062;90
-40.5864;0.00376732;90
-40.2218;0.00276733;90
-9.84534;0.00287738;90
-28.9756;0.00373217;90
-41.8473;0.00422995;90
-43.7758;0.0048653;90
-57.8052;0.00570759;90
-52.3888;0.00516303;90
-48.9549;0.00401887;90
-50.2025;0.00453071;90
-47.6597;0.00492182;90
-27.1015;0.00420354;90
-32.6641;0.00421335;90
-38.6757;0.00450624;90
7.59272;0.00591082;90
3.65622;0.0015211;90
-18.0511;0.00377584;90
-36.6278;0.00449704;90
-41.3419;0.00469911;90
-48.2055;0.00508357;90
-52.4587;0.00524016;90
-42.3834;0.00354701;90
-45.2892;0.0042031;90
-48.9934;0.00528998;90
-44.4329;0.00478664;90
-44.0521;0.00474463;90
-44.8407;0.00483168;90
-47.182;0.0049215;90
-41.4954;0.00461543;90
-44.3636;0.00471104;90
-61.5221;0.00486347;90
-65.74;0.00518158;90
-65.0151;0.00421659;90
-72.813;0.00349926;90
-74.765;0.0037446;90
-67.6577;0.00444574;90
-50.8595;0.00441206;90
-48.3665;0.00469622;90
-69.6981;0.0064646;90
-64.633;0.0062883;90
-66.8381;0.00594411;90
-63.0402;0.00519227;90
-25.3194;0.00345599;90
-28.1796;0.00358718;90
-61.7679;0.00475008;90
-56.6658;0.00464404;90
-57.1279;0.00477923;90
-40.0023;0.00421269;90
-56.5859;0.00518262;90
-58.9028;0.00567096;90
-63.5368;0.0060365;90
-59.1905;0.00554097;90
-38.4881;0.00453281;90
-21.8384;0.00402699;90
-13.7766;0.00401449;90
-34.5675;0.00440095;90
-35.6711;0.00474164;90
-32.2885;0.0041615;90
-21.2528;0.00385948;90
-49.1808;0.00476231;90
-67.8617;0.00631561;90
-66.4988;0.00601602;90
-60.002;0.00525032;90
-58.3148;0.00546215;90
-51.0019;0.0050787;90
-44.6358;0.00489469;90
-50.1351;0.00519049;90
-51.6994;0.00520662;90
-65.6888;0.00610651;90
-66.8183;0.0062213;90
-57.0661;0.00542239;90
-45.0704;0.00460327;90
-23.1023;0.00413892;90
-16.0218;0.00371011;90
-19.0745;0.00317323;90
-10.6209;0.00290273;90
7.14912;0.00294893;90
56.1038;0.00424071;90
65.3508;0.00584567;90
51.1394;0.00445629;90
32.8148;0.00462979;90
47.7155;0.00499991;90
54.7935;0.00520879;90
63.4666;0.00566128;90
56.2623;0.00500007;90
59.1907;0.00515441;90
61.8856;0.00418477;90
22.8178;0.00420833;90
13.2452;0.00281077;90
6.05456;0.00237022;90
7.04949;0.00291705;90
-7.38189;0.00304322;90
-31.469;0.00406485;90
-33.2982;0.00385248;90
-16.4663;0.0029917;90
12.7654;0.00267922;90
21.084;0.00318845;90
-23.2516;0.00255339;90
-38.8749;0.00374429;90
-55.9549;0.0015665;90
-89.4965;0.00216208;90
-72.7706;0.00548618;90
-64.1096;0.0055834;90
-70.0027;0.00550915;90
-91.1179;0.0068173;90
-94.1231;0.00599451;90
-93.794;0.00587888;90
-99.6704;0.00651863;90
-99.4561;0.00608671;90
-99.0553;0.00317051;90
174.502;0.000563593;90
-93.8258;0.0155567;90
-81.5272;0.00215148;90
46.6297;0.000671316;90
-33.597;0.000683114;90
-70.2701;0.00293851;90
-47.5041;0.00145662;90
33.9886;0.00111801;90
-73.2901;0.00872963;90
-79.8409;0.00140604;90
29.3468;0.000856977;90
-80.4376;0.00207077;90
-76.5554;0.00239565;90
-78.8497;0.00344911;90
-80.0491;0.00395246;90
-75.7107;0.00406372;90
-77.4441;0.0029854;90
-79.0105;0.00466352;90
-79.1277;0.00685505;90
-76.9379;0.00617682;90
-80.4233;0.00444799;90
-75.4992;0.0015256;90
-75.1877;0.00241733;90
-82.5026;0.00291996;90
-116.789;0.00103173;90
-86.4794;0.00757229;90
-102.564;0.0051534;90
-108.695;0.000836115;90
-105.468;0.00169852;90
-104.473;0.00226074;90
-107.645;0.00156042;90
-166.667;0.0010277;90
138.325;0.00125581;90
171.799;0.00205401;90
-135.969;0.00242431;90
-114.937;0.00247141;90
-177.61;0.00179856;90
-158.509;0.0022956;90
-154.753;0.00219685;90
108.233;0.00232998;90
106.172;0.0015618;90
68.3542;0.00191397;90
-44.6794;0.000884604;90
-48.3665;0.000879036;90
-123.595;0.0136992;90
-165.569;0.00685737;90
119.518;0.00200529;90
-95.3836;0.00244077;90
-78.6815;0.0039437;90
-109.806;0.00182389;90
-139.725;0.00321908;90
-128.928;0.00463919;90
-130.941;0.00485445;90
-129.916;0.00536258;90
-128.341;0.00581132;90
-134.206;0.00520339;90
-125.231;0.0101097;90
-127.999;0.00226264;90
-134.845;0.00705342;90
-137.572;0.00196986;90
-127.448;0.00540748;90
-125.956;0.0055283;90
-163.096;0.00410642;90
-178.018;0.0040194;90
-179.058;0.00401354;90
-159.892;0.00415954;90
-131.672;0.00516493;90
-113.904;0.00658919;90
-113.042;0.00669626;90
-113.718;0.00696097;90
-115.298;0.00651481;90
-119.712;0.00598021;90
-125.93;0.00572777;90
-121.161;0.00601603;90
-111.927;0.00667056;90
-104.347;0.00734506;90
-97.6748;0.00779483;90
-98.1454;0.0079401;90
-101.152;0.00759541;90
-106.982;0.00723445;90
-104.6;0.00737101;90
-103.311;0.00712336;90
-99.1201;0.00440367;90
144.557;0.00126919;90
123.667;0.00410201;90
124.268;0.00448442;90
125.882;0.00323488;90
124.445;0.00277929;90
123.363;0.00446596;90
124.932;0.00453019;90
125.118;0.00436324;90
132.506;0.00157622;90
138.415;0.002718;90
146.71;0.00341787;90
133.918;0.00430634;90
118.142;0.00516906;90
112.333;0.00432652;90
113.214;0.00350365;90
119.867;0.00338566;90
121.305;0.00441119;90
122.352;0.00479891;90
122.155;0.00568383;90
126.765;0.00523781;90
123.337;0.00553352;90
115.388;0.00609457;90
114.259;0.00619177;90
114.196;0.00619965;90
111.949;0.00642898;90
107.945;0.00677353;90
107.867;0.00694913;90
108.024;0.00753369;90
106.78;0.00729462;90
102.36;0.00761039;90
98.6427;0.00791892;90
98.1969;0.00789061;90
100.68;0.00825601;90
107.651;0.00712022;90
115.253;0.00654445;90
126.253;0.00562613;90
135.151;0.00508482;90
135.696;0.00506397;90
120.109;0.00627343;90
106.089;0.00807944;90
99.9094;0.00811202;90
100.277;0.00765683;90
102.06;0.00845254;90
103.645;0.0126109;90
104.086;0.00783972;90
103.996;0.00834371;90
111.546;0.00712594;90
116.167;0.00669405;90
115.871;0.0067239;90
115.954;0.00708561;90
115.716;0.00751759;90
112.971;0.00710544;90
102.327;0.00796769;90
94.091;0.00828411;90
106.605;0.00666284;90
138.256;0.00420842;90
-174.881;0.00321683;90
125.622;0.00388372;90
105.425;0.0057937;90
102.08;0.00541388;90
111.96;0.00315275;90
113.859;0.00459354;90
113.773;0.00490192;90
112.617;0.00421515;90
106.148;0.00279737;90
98.7021;0.00524134;90
97.9694;0.00564754;90
98.1189;0.00577791;90
97.3086;0.00611569;90
91.1976;0.00583728;90
84.872;0.00639961;90
87.7386;0.00618382;90
100.701;0.00659164;90
114.176;0.00630717;90
103.918;0.00718392;90
98.636;0.00767198;90
98.7283;0.00778921;90
98.3224;0.00775163;90
94.3857;0.00808166;90
96.6278;0.00783234;90
102.621;0.00749203;90
99.5368;0.00771361;90
98.3101;0.00783224;90
98.7053;0.00778974;90
101.931;0.00756543;90
102.058;0.00737675;90
102.255;0.00704761;90
107.59;0.00576767;90
109.43;0.00564236;90
109.443;0.00711686;90
109.591;0.00725922;90
109.598;0.00690183;90
110.767;0.00607787;90
111.767;0.00559816;90
114.854;0.00458241;90
124.892;0.00224814;90
131.232;0.00305565;90
138.915;0.0033659;90
137.979;0.00326559;90
130.351;0.00395229;90
121.452;0.004431;90
147.948;0.00130019;90
-118.032;0.00185118;90
-118.879;0.00192772;90
-121.36;0.00195805;90
-113.68;0.00195457;90
-114.308;0.00227137;90
141.63;0.000924717;90
131.597;0.0014415;90
143.116;0.0008164;90
174.418;0.000976631;90
-111.064;0.00233717;90
-172.212;0.00125457;90
155.175;0.00169348;90
139.371;0.00114105;90
117.606;0.00214072;90
-14.5375;0.00543398;90
115.435;0.00365087;90
119.474;0.00998528;90
120.05;0.00128006;90
116.888;0.0102221;90
111.072;0.00156034;90
141.276;0.00568598;90
136.279;0.000918761;90
156.41;0.0037133;90
156.724;0.00145763;90
152.076;0.00179159;90
133.617;0.0110157;90
132.56;0.00207583;90
138.385;0.00389234;90
147.104;0.00340258;90
143.852;0.00352448;90
128.724;0.0347042;90
109.857;0.00198716;90
109.934;0.0415324;90
128.089;0.00211548;90
112.577;0.00277139;90
111.012;0.0075522;90
114.213;0.00172143;90
122.333;0.00348893;90
121.528;0.00360285;90
122.078;0.00825304;90
122.241;0.00131589;90
124.147;0.00167109;90
122.276;0.004045;90
122.215;0.00490157;90
121.044;0.00502234;90
131.073;0.00423278;90
122.783;0.00915869;90
122.268;0.0019218;90
119.931;0.00191201;90
119.825;0.00427871;90
119.732;0.00432311;90
117.13;0.00453497;90
111.764;0.00483569;90
123.664;0.00308302;90
67.2241;0.00293701;90
64.6514;0.00225402;90
65.2902;0.00269364;90
65.3152;0.00088596;90
64.2712;0.00232889;90
65.8625;0.00312525;90
74.5372;0.00454968;90
86.3273;0.00118644;90
88.9544;0.00394566;90
86.9518;0.00552882;90
96.1112;0.00472485;90
72.7617;0.00531473;90
59.7283;0.00161872;90
84.1189;0.00454794;90
96.6624;0.00628343;90
102.763;0.00542298;90
85.5243;0.00513867;90
76.8967;0.00442419;90
89.7207;0.00553907;90
95.6367;0.00609849;90
100.63;0.00554008;90
110.086;0.00463276;90
98.0689;0.00502979;90
70.1506;0.00311295;90
63.1575;0.00406388;90
54.3506;0.00423456;90
48.1488;0.00419665;90
47.4177;0.00440849;90
43.2804;0.00365244;90
27.3396;0.00357312;90
47.4963;0.00418863;90
38.9327;0.00367278;90
33.8426;0.00364689;90
35.2201;0.00333438;90
64.7794;0.00737614;90
85.7943;0.00254987;90
88.0291;0.00689108;90
78.5484;0.00666365;90
68.7234;0.00591947;90
66.0902;0.0101653;90
64.6142;0.00206433;90
54.5959;0.00817828;90
32.6034;0.00146245;90
-17.4703;0.00514639;90
-46.1951;0.00159346;90
-22.7908;0.00466741;90
-3.72176;0.00103218;90
11.2753;0.00747222;90
38.6876;0.00419311;90
51.5127;0.00145258;90
53.5898;0.00864948;90
54.8583;0.00185024;90
37.2309;0.00695174;90
25.6908;0.00149476;90
26.463;0.00652799;90
28.393;0.0015562;90
26.6755;0.00347933;90
36.0823;0.00459803;90
60.2839;0.00567074;90
75.9891;0.006588;90
82.341;0.00629516;90
82.2074;0.00686641;90
71.6941;0.010809;90
69.0684;0.00267878;90
49.1879;0.00465742;90
2.21082;0.00642879;90
22.7933;0.00144808;90
35.6311;0.00313613;90
-13.0185;0.00288105;90
-43.2677;0.00292381;90
-29.1761;0.00206156;90
-26.5651;0.00216675;90
26.9024;0.003114;90
40.1542;0.000778479;90
41.0667;0.00140196;90
58.8232;0.0026754;90
81.4592;0.00706333;90
118.19;0.000978002;90
175.844;0.000814141;90
-173.803;0.00176934;90
-102.589;0.0129339;90
-175.75;0.00151116;90
150.487;0.00948588;90
-144.54;0.00153587;90
-147.17;0.00210643;90
-176.207;0.00329522;90
-177.4;0.00319629;90
-121.337;0.01236;90
-109.695;0.00234413;90
-99.9302;0.0208585;90
-113.901;0.00877442;90
-148.613;0.00879383;90
-149.3;0.000967605;90
-155.046;0.000938625;90
-151.714;0.0114355;90
-133.653;0.00198469;90
-127.346;0.0138783;90
-127.623;0.000837072;90
172.55;0.0181936;90
162.897;0.00110172;90
-133.165;0.0108625;90
-113.161;0.00158907;90
-106.848;0.027139;90
-89.2769;0.00206016;90
-126.457;0.0183787;90
-130.858;0.00142926;90
-125.971;0.00172121;90
-141.081;0.00383785;90
-151.335;0.00366067;90
-134.21;0.00420768;90
-130.557;0.00397102;90
-130.093;0.00403398;90
-125.293;0.0039549;90
-114.682;0.00328074;90
-101.338;0.00444066;90
-82.1264;0.00164248;90
-71.4295;0.00414481;90
-74.397;0.00551732;90
-85.3579;0.00673409;90
-86.4224;0.00568909;90
-100.472;0.00530943;90
-98.1796;0.00475134;90
-77.5221;0.00549377;90
-80.4804;0.00526044;90
-92.5412;0.0055935;90
-114.088;0.00397407;90
-109.994;0.0030445;90
-88.9552;0.0108588;90
-89.0716;0.00191325;90
-91.6658;0.00498811;90
-104.785;0.000854283;90
-114.974;0.00304357;90
-115.206;0.00607219;90
-114.889;0.00116191;90
-122.681;0.000755619;90
-99.8762;0.00188899;90
-77.1594;0.00356823;90
-127.457;0.00156208;90
-73.5996;0.00415089;90
-63.1721;0.00545964;90
-60.875;0.00584734;90
-61.1507;0.00607038;90
-58.1005;0.00556553;90
-53.0694;0.0052892;90
-53.0724;0.0051614;90
-58.5061;0.00641261;90
-57.3633;0.00817711;90
-57.4557;0.0012622;90
-59.3744;0.00342935;90
-58.1661;0.0041444;90
-55.6116;0.00430063;90
-62.4373;0.00490578;90
-66.6222;0.00516391;90
-68.0095;0.0047269;90
-61.3938;0.00426913;90
-68.2198;0.00452502;90
-71.9161;0.00696821;90
-69.1834;0.00666615;90
-68.082;0.00638663;90
-74.7749;0.00736448;90
-67.751;0.00734485;90
-68.2605;0.00687927;90
-55.08;0.00547837;90
-34.0522;0.00447541;90
-46.5615;0.00490419;90
-62.1479;0.00553522;90
-54.7783;0.00474216;90
-41.8652;0.00453864;90
-35.1233;0.00511177;90
-35.5363;0.00494134;90
-45.9876;0.00529207;90
-48.9188;0.00565948;90
-40.4234;0.00482087;90
-16.375;0.00443385;90
-9.8906;0.00336501;90
62.2245;0.00220168;90
-119.856;0.00286645;90
-34.6705;0.0017667;90
-54.8851;0.00378117;90
-65.7598;0.0046083;90
-68.1635;0.00484999;90
-60.3298;0.00590294;90
-72.9787;0.00144845;90
-62.6361;0.00288704;90
-52.8576;0.00256543;90
-52.269;0.00286132;90
-43.6666;0.00154969;90
-116.594;0.00178036;90
-113.42;0.00136113;90
165.558;0.002057;90
149.93;0.00148484;90
116.307;0.00247982;90
-30.9816;0.00551711;90
45.7283;0.000667563;90
-17.8369;0.00151481;90
-58.7014;0.00155535;90
-40.2324;0.000859279;90
66.5249;0.00136061;90
-55.7455;0.00146392;90
-45.9749;0.00211951;90
-61.7391;0.00243301;90
-51.7536;0.00248932;90
-40.1882;0.00216643;90
-28.3146;0.00196284;90
0.834034;0.00178619;90
0.859234;0.00206723;90
26.2559;0.00223789;90
33.625;0.00244151;90
43.8144;0.00191384;90
-12.3204;0.000656111;90
-63.8627;0.00509167;90
-68.3402;0.00608785;90
-69.1551;0.00615164;90
-70.1792;0.00630237;90
-70.7561;0.00627142;90
-70.5269;0.00624842;90
-70.222;0.00630067;90
-71.2724;0.00674934;90
-76.9991;0.00681879;90
-77.9369;0.00695253;90
-78.2283;0.00678878;90
-79.744;0.00691956;90
-81.8838;0.00699809;90
-81.6783;0.00706135;90
-78.9971;0.00691613;90
-77.7738;0.00688005;90
-84.1271;0.0071636;90
-85.4101;0.00728536;90
-82.3704;0.00759221;90
-81.0461;0.00715114;90
-81.3912;0.00700796;90
-78.5203;0.00734595;90
-67.1683;0.00572127;90
-72.3651;0.00618254;90
-88.0201;0.00717829;90
-95.8468;0.00711702;90
-89.193;0.00731273;90
-82.3446;0.00710129;90
-82.3832;0.00716724;90
-81.8446;0.00640073;90
-74.4458;0.0029573;90
-72.4443;0.00333849;90
-66.3835;0.00408623;90
-65.964;0.00419582;90
-66.2346;0.00368989;90
14.9199;0.000959342;90
-69.6108;0.00265216;90
-62.5619;0.00246533;90
-80.8551;0.00302647;90
-79.5436;0.00172464;90
-3.65426;0.000596212;90
-90.37;0.00185804;90
-119.126;0.00133134;90
-76.847;0.00284771;90
-33.4855;0.00310662;90
0.353431;0.00291806;90
-49.1196;0.00458683;90
-77.3662;0.00662951;90
-86.1023;0.00734098;90
-78.2873;0.00697524;90
-68.4309;0.00663996;90
-64.3032;0.005814;90
-64.4744;0.00581786;90
-64.1753;0.00588359;90
-63.942;0.00586186;90
-64.1859;0.0058353;90
-67.1322;0.00609613;90
-75.3215;0.00677202;90
-76.1521;0.00678934;90
-76.0781;0.00680387;90
-76.2881;0.00685538;90
-76.4507;0.00682083;90
-78.4357;0.00702358;90
-80.2531;0.0076139;90
-80.29;0.0066939;90
-73.8008;0.0063876;90
-62.0503;0.00568172;90
-45.7865;0.00468785;90
-44.2319;0.00458883;90
-48.5832;0.00478586;90
-59.2383;0.00554287;90
-67.4499;0.00612531;90
-74.3521;0.00669202;90
-80.5229;0.00699649;90
-81.5769;0.00707936;90
-81.6504;0.00675561;90
-79.3715;0.00595313;90
-75.2569;0.00619289;90
-71.9812;0.00640094;90
-71.923;0.00637781;90
-72.0691;0.00647027;90
-72.2263;0.00624718;90
-67.9833;0.00588194;90
-65.6891;0.00581022;90
-65.7447;0.00568155;90
-65.7473;0.00533155;90
-61.8169;0.0048466;90
-54.1518;0.0043969;90
-53.3938;0.00438865;90
-57.931;0.00449015;90
-58.4798;0.00356734;90
-57.9742;0.00326607;90
-59.3146;0.00278843;90
-56.8032;0.00231956;90
-64.2938;0.00304318;90
-68.6599;0.00357512;90
-66.9449;0.00409073;90
-59.2843;0.00443637;90
-44.6413;0.00350095;90
-32.4102;0.00295535;90
-34.3236;0.00122901;90
-39.7048;0.00116463;90
-46.5631;0.00204784;90
-53.9167;0.00391877;90
-55.4219;0.00377602;90
-55.7049;0.00365069;90
-54.648;0.00301246;90
-50.3038;0.00174412;90
-58.2877;0.00343953;90
-55.4857;0.00410687;90
-56.1941;0.0035659;90
-49.157;0.00113152;90
21.1342;0.000510325;90
74.7981;0.00481654;90
76.89;0.00751692;90
74.9003;0.00714779;90
74.3292;0.00687868;90
78.6165;0.00855734;90
83.5256;0.00924094;90
79.2033;0.00842921;90
71.5957;0.00769667;90
62.2069;0.00686496;90
54.0985;0.00602326;90
58.9664;0.00647476;90
64.1773;0.00700664;90
66.0521;0.00716916;90
67.1262;0.00734238;90
65.096;0.00701973;90
43.3844;0.00496586;90
14.2144;0.00421092;90
0.901777;0.0040665;90
10.4516;0.00418951;90
28.5877;0.00503026;90
56.5972;0.00630674;90
43.8005;0.00543814;90
44.5388;0.00527094;90
55.1106;0.00608223;90
56.7165;0.00641055;90
51.7263;0.00588617;90
43.6828;0.00562935;90
49.9221;0.00571115;90
50.2368;0.0058801;90
51.2159;0.00597553;90
50.1957;0.00588752;90
36.2305;0.00462409;90
63.3866;0.0058263;90
44.3021;0.00435398;90
13.9469;0.00373408;90
18.3681;0.00298298;90
27.8453;0.00206172;90
56.9859;0.000987435;90
35.6162;0.00245899;90
1.67121;0.0021259;90
-44.0522;0.00153887;90
-24.9324;0.000941767;90
-80.001;0.00296605;90
-51.7255;0.00211323;90
12.5815;0.00165269;90
43.1316;0.00175668;90
82.7729;0.00257546;90
73.8218;0.00273844;90
73.7019;0.00229836;90
76.9448;0.00113329;90
74.1224;0.00209077;90
113.358;0.000943309;90
132.795;0.00113929;90
-48.2773;0.00101424;90
-101.581;0.00986279;90
-93.061;0.00243447;90
154.619;0.010319;90
-141.738;0.00107872;90
-170.589;0.00878828;90
108.096;0.00888236;90
-89.7018;0.00230603;90
-63.6214;0.00618276;90
25.5116;0.000510804;90
18.4242;0.00169277;90
-112.2;0.00301985;90
-140.61;0.00494018;90
-123.19;0.00114356;90
-118.893;0.0133657;90
-108.593;0.00160265;90
109.107;0.00897232;90
-59.3373;0.00349227;90
110.026;0.00148052;90
108.174;0.0018724;90
-121.293;0.000895237;90
-84.834;0.00346508;90
-78.131;0.00315546;90
-141.898;0.00208408;90
-133.655;0.00433859;90
-129.66;0.00493084;90
-129.832;0.00535335;90
-127.768;0.00530805;90
-132.298;0.00535522;90
-132.201;0.00516875;90
-125.677;0.00573544;90
-125.372;0.00566093;90
-135.648;0.00499956;90
-136.788;0.00487222;90
-120.698;0.00640331;90
-144.231;0.00451823;90
-174.442;0.00404703;90
-179.28;0.00397931;90
-173.154;0.00397635;90
-145.554;0.00464435;90
-119.053;0.00601712;90
-112.931;0.00663971;90
-113.256;0.00672434;90
-114.213;0.0065393;90
-117.514;0.00629048;90
-122.023;0.00586317;90
-126.357;0.00565603;90
-115.048;0.00658753;90
-108.244;0.00748104;90
-100.236;0.00785603;90
-97.2143;0.00899823;90
-100.721;0.00797215;90
-105.643;0.007614;90
-105.803;0.00732587;90
-103.647;0.00596336;90
-102.753;0.00437595;90
-96.9039;0.00257064;90
170.55;0.000761332;90
122.132;0.00413072;90
124.582;0.00418794;90
125.368;0.00357103;90
123.879;0.00344249;90
123.956;0.00400858;90
123.909;0.0045691;90
125.608;0.00425083;90
135.266;0.0036572;90
145.978;0.00382472;90
135.967;0.0043564;90
119.101;0.00522455;90
112.887;0.0044612;90
112.386;0.00340564;90
119.037;0.00341184;90
121.468;0.00412813;90
121.624;0.0048232;90
122.257;0.00541113;90
126.45;0.00543155;90
124.838;0.0055631;90
115.236;0.00620855;90
114.212;0.00625195;90
114.255;0.00632427;90
112.239;0.007044;90
107.784;0.00706878;90
108.118;0.00704218;90
107.947;0.00716883;90
106.235;0.00759696;90
102.295;0.00759827;90
98.2737;0.00784566;90
98.6453;0.00769038;90
100.268;0.00759566;90
107.174;0.00708174;90
114.786;0.0064403;90
124.843;0.00564993;90
134.643;0.00499934;90
135.548;0.00532759;90
122.809;0.00575264;90
108.122;0.00689292;90
100.38;0.00768171;90
99.5275;0.00765459;90
101.026;0.00759724;90
103.777;0.00740299;90
103.563;0.00728723;90
104.304;0.00737874;90
103.906;0.00738135;90
107.573;0.00696191;90
115.567;0.00562143;90
115.263;0.00515726;90
115.627;0.00516064;90
116.213;0.00654509;90
115.933;0.00632488;90
115.599;0.00633926;90
106.752;0.00711914;90
96.9594;0.00780752;90
95.8988;0.00723933;90
116.7;0.00550164;90
158.663;0.00346017;90
174.881;0.00289153;90
114.868;0.0043184;90
104.301;0.00529922;90
102.863;0.00491432;90
111.729;0.00292805;90
114.003;0.00450123;90
114.152;0.00518378;90
111.881;0.00467693;90
102.768;0.00374664;90
98.2757;0.0067321;90
98.0297;0.0071804;90
96.8832;0.00725932;90
90.2688;0.00724708;90
84.1195;0.00751555;90
94.2988;0.0074309;90
110.476;0.0064004;90
109.731;0.00671207;90
99.1716;0.00751609;90
98.8802;0.007508;90
98.6251;0.00748161;90
96.0126;0.00760886;90
94.4005;0.00736371;90
99.8062;0.00786187;90
102.003;0.00742942;90
98.6694;0.00743697;90
98.3055;0.00739354;90
99.411;0.00716139;90
101.642;0.00711129;90
101.975;0.00713322;90
103.248;0.00703832;90
107.989;0.00667008;90
109.81;0.00655065;90
109.66;0.00656576;90
109.408;0.00653326;90
109.671;0.00655029;90
111.059;0.00643154;90
111.991;0.00652147;90
117.547;0.00380992;90
132.408;0.00264233;90
138.165;0.0035728;90
138.779;0.00373316;90
131.401;0.00404343;90
121.833;0.00423736;90
140.849;0.00169314;90
-117.658;0.00175787;90
-117.452;0.00181993;90
-126.778;0.0017404;90
-113.715;0.00195182;90
-113.923;0.00222188;90
-172.978;0.000760706;90
131.393;0.00197816;90
157.849;0.00140035;90
-114.285;0.002181;90
-149.948;0.00113221;90
155.734;0.00162783;90
159.856;0.00097568;90
121.924;0.00170957;90
110.699;0.00155326;90
-30.7792;0.00569636;90
35.927;0.000923725;90
-39.1119;0.00154398;90
-56.4689;0.00269918;90
77.939;0.00166066;90
64.5629;0.00215822;90
64.2443;0.00208959;90
63.4656;0.00167437;90
55.1621;0.00167525;90
65.5412;0.00223892;90
70.2808;0.00165081;90
-61.1285;0.00297817;90
-59.3681;0.00447087;90
-46.1134;0.00367553;90
-41.3632;0.00334428;90
-41.5542;0.00305882;90
-40.7886;0.00215684;90
-59.3037;0.00268175;90
-66.8253;0.00536164;90
-67.9236;0.00657722;90
-69.1162;0.00538047;90
-70.6359;0.00510902;90
-70.5869;0.00518689;90
-70.407;0.00538266;90
-71.6121;0.00577906;90
-70.4149;0.00611265;90
-73.7132;0.00673216;90
-78.0345;0.00752449;90
-78.1084;0.00709016;90
-78.653;0.0069784;90
-81.7815;0.00761117;90
-81.715;0.00700915;90
-80.0062;0.00677073;90
-77.2887;0.00663973;90
-82.7429;0.00715633;90
-85.859;0.00745045;90
-81.9956;0.00734657;90
-81.8744;0.00723059;90
-81.2766;0.00651436;90
-81.007;0.00644219;90
-72.9192;0.00576739;90
-65.3349;0.00527421;90
-78.2485;0.00610802;90
-91.9404;0.0073242;90
-94.3232;0.00704404;90
-88.1173;0.0068487;90
-81.6123;0.0108521;90
-82.2076;0.00616594;90
-80.6472;0.00387045;90
-72.5252;0.00175499;90
-69.2261;0.00335513;90
-66.0916;0.00386898;90
-66.0629;0.00390157;90
-66.2224;0.00298869;90
-64.588;0.00182232;90
-72.7768;0.00391767;90
-78.0484;0.00464059;90
-74.5172;0.00474624;90
-50.6304;0.00341625;90
4.63697;0.00308008;90
-42.3751;0.00444671;90
-73.9584;0.00679249;90
-86.4003;0.00734249;90
-79.9735;0.00609407;90
-72.24;0.00512736;90
-65.274;0.00464044;90
-63.8081;0.0050818;90
-64.2672;0.00544943;90
-64.6382;0.0052179;90
-64.471;0.00660374;90
-63.9047;0.00638151;90
-68.6238;0.00628002;90
-75.7816;0.00686428;90
-76.1149;0.00634233;90
-76.2161;0.00677409;90
-76.4176;0.00691952;90
-76.6342;0.00696464;90
-79.1611;0.0066313;90
-80.3966;0.00667758;90
-79.8185;0.00673201;90
-74.4721;0.00573015;90
-65.2449;0.00518221;90
-48.8582;0.00476043;90
-44.4694;0.00481065;90
-47.1427;0.00499284;90
-57.658;0.00564702;90
-66.8267;0.00683332;90
-74.4149;0.00648753;90
-80.4139;0.00738005;90
-81.4376;0.00699193;90
-81.5654;0.00683796;90
-78.492;0.00692216;90
-74.0369;0.00668685;90
-71.9431;0.00637497;90
-72.4885;0.00655372;90
-72.2357;0.00656502;90
-71.8776;0.00591228;90
-66.9307;0.00529547;90
-65.4481;0.00527053;90
-65.879;0.00543233;90
-65.9945;0.00527747;90
-60.3887;0.0054279;90
-53.1887;0.00489;90
-55.5033;0.00525991;90
-58.631;0.00501972;90
-58.1323;0.00383742;90
-58.0054;0.00282161;90
-57.3134;0.00254979;90
-63.4443;0.00274902;90
-68.8081;0.00359619;90
-67.1189;0.00457282;90
-58.6675;0.00442304;90
-44.0229;0.00360748;90
-32.9355;0.00299065;90
-33.8054;0.00151517;90
-42.9994;0.00174196;90
-52.1937;0.00292499;90
-54.8039;0.00358793;90
-55.99;0.00367578;90
-56.242;0.00350737;90
-55.5281;0.00258126;90
-53.7953;0.00206714;90
-55.6418;0.00371036;90
-55.9109;0.00374321;90
-55.1385;0.00287617;90
-17.0116;0.000878436;90
73.9287;0.00418662;90
77.3885;0.00646703;90
75.3337;0.00732259;90
73.8423;0.00778345;90
78.2709;0.00763952;90
82.5041;0.00789547;90
81.6738;0.00785176;90
75.1597;0.00732845;90
67.8158;0.00669781;90
58.7071;0.00594132;90
54.1747;0.00564994;90
60.5064;0.00613618;90
64.529;0.00644105;90
66.1515;0.00658636;90
67.0806;0.00670971;90
66.7439;0.00614423;90
51.1367;0.00488155;90
25.4413;0.00412723;90
1.50304;0.00411742;90
6.22729;0.00425913;90
17.3712;0.00417334;90
47.5529;0.00522292;90
53.7328;0.00555151;90
42.9552;0.00491469;90
46.8726;0.00512856;90
55.7578;0.00572782;90
55.8327;0.00579404;90
51.4062;0.00542486;90
44.1254;0.00509601;90
49.665;0.0052514;90
49.7007;0.00534958;90
51.6465;0.00482022;90
62.1363;0.00434132;90
51.0801;0.00134186;90
-75.7297;0.00326577;90
-50.8141;0.00147981;90
66.7543;0.00303541;90
68.3887;0.00319026;90
40.8046;0.00226173;90
51.3285;0.00305351;90
69.726;0.00339962;90
58.6234;0.00297506;90
18.7723;0.00225601;90
44.9736;0.0015323;90
105.292;0.00244559;90
71.8504;0.00171429;90
-2.92803;0.000959252;90
-63.0432;0.00431705;90
12.7145;0.00328044;90
67.9753;0.00285862;90
4.97915;0.00527691;90
-21.3706;0.000889134;90
-80.2468;0.00220182;90
-70.0715;0.00161363;90
-42.1717;0.00166231;90
22.2309;0.00213036;90
13.6187;0.00222969;90
-11.3287;0.00239262;90
-28.4934;0.0025783;90
-29.0623;0.00288414;90
-24.8259;0.00268183;90
32.0232;0.00272695;90
43.3865;0.00281257;90
-39.709;0.00243078;90
-59.527;0.00272315;90
-70.3127;0.00218471;90
-75.6713;0.00456191;90
-69.3631;0.00464186;90
-72.6912;0.00498788;90
-58.5102;0.00468845;90
-51.6271;0.00414803;90
-61.3784;0.00492252;90
-65.8591;0.00538167;90
-64.094;0.00532622;90
-56.4594;0.00478347;90
-58.8798;0.00496096;90
-62.2378;0.00509443;90
-61.3943;0.00477256;90
-49.125;0.00410904;90
-41.2479;0.00382516;90
-48.5515;0.00406377;90
-47.0651;0.00396379;90
-43.6272;0.00389586;90
-52.1352;0.00393939;90
-69.4057;0.00508602;90
-82.1107;0.00592306;90
-89.6879;0.00624109;90
-84.0865;0.0061829;90
-73.6289;0.00525089;90
-47.0576;0.00391919;90
-41.0568;0.00350636;90
-44.4932;0.00311776;90
-57.4047;0.00322256;90
-57.7692;0.00358314;90
-57.9652;0.00392697;90
-57.318;0.00387795;90
-67.1627;0.00453988;90
-50.1818;0.00349182;90
-47.6399;0.00325473;90
-50.721;0.00348288;90
-41.8548;0.00324768;90
-65.8182;0.00437709;90
-68.7358;0.00475364;90
-61.869;0.00420583;90
-44.5528;0.0034423;90
-31.9733;0.00302725;90
-32.4089;0.00317562;90
-31.7748;0.00318659;90
-34.9697;0.00336565;90
-59.0525;0.00421972;90
-64.65;0.00426022;90
-47.1917;0.00327276;90
-33.7598;0.00296377;90
-51.3453;0.0034997;90
-51.7154;0.00338623;90
-44.2272;0.00277848;90
-43.4497;0.00209097;90
-59.6479;0.00353444;90
-63.565;0.0043353;90
-69.6324;0.00487584;90
-85.3614;0.0058612;90
-86.7064;0.00623129;90
-86.1152;0.00636162;90
-82.5154;0.00594969;90
-81.427;0.00611128;90
-81.5784;0.00619985;90
-81.9219;0.00638334;90
-85.6131;0.00668057;90
-84.5399;0.00673657;90
-77.5109;0.00626116;90
-77.1281;0.00626647;90
-72.9946;0.00584349;90
-65.6692;0.00532276;90
-65.108;0.00523866;90
-65.5712;0.0053148;90
-71.2492;0.00596668;90
-74.9723;0.00651791;90
-65.8164;0.00526288;90
-35.4603;0.00369912;90
-16.9702;0.00340214;90
-12.9005;0.00337724;90
-9.36668;0.00334865;90
-27.3154;0.00290267;90
-34.1641;0.00308424;90
-55.9774;0.00406242;90
-74.4501;0.00499482;90
-84.2727;0.00615271;90
-82.8967;0.00589525;90
-77.9114;0.0058446;90
-70.2301;0.00580942;90
-52.796;0.00432147;90
-52.746;0.0043859;90
-50.3499;0.00401192;90
-47.0594;0.00413217;90
-56.114;0.00446065;90
-34.1171;0.00346059;90
-21.3615;0.00331365;90
-21.6569;0.00346026;90
-20.7187;0.00338063;90
-21.8264;0.00341048;90
-32.1055;0.00358057;90
-52.85;0.00421425;90
-60.2937;0.00460293;90
-60.3441;0.00479395;90
-60.0241;0.00433716;90
-60.1091;0.00452493;90
-67.4283;0.00502816;90
-73.3699;0.00483942;90
-73.9189;0.00492782;90
-74.0828;0.00474389;90
-77.3249;0.00603405;90
-80.7836;0.00654955;90
-80.389;0.00646271;90
-80.6149;0.00622432;90
-80.6944;0.00636983;90
-82.9966;0.00660226;90
-85.8104;0.00678914;90
-86.6399;0.00735364;90
-86.6089;0.0069652;90
-89.4509;0.00719933;90
-93.7661;0.00715545;90
-96.6145;0.00684959;90
-96.5404;0.0066986;90
-94.858;0.00630565;90
-82.5262;0.00495106;90
-50.4748;0.00345371;90
-45.1414;0.00372576;90
-43.3805;0.00365296;90
-41.3606;0.0034867;90
-41.3918;0.00332575;90
-42.9519;0.00320524;90
-67.2007;0.00331609;90
-81.4241;0.00138145;90
-19.2398;0.00220622;90
-16.1061;0.00269269;90
-3.88706;0.00261101;90
19.9935;0.00281357;90
39.6805;0.00322628;90
59.2186;0.00420311;90
66.9561;0.00408496;90
67.8674;0.0037266;90
64.8893;0.00317177;90
45.7493;0.00140585;90
11.8287;0.0016245;90
-25.8164;0.00181405;90
-19.5108;0.000943157;90
-32.435;0.00121564;90
-51.9937;0.00130086;90
-55.9128;0.00196091;90
-73.9304;0.000950125;90
-72.7048;0.00133538;90
-54.0847;0.00172864;90
-54.4516;0.00124013;90
-44.5701;0.00141355;90
-79.8049;0.00140112;90
