angle=Azimuth
heading=Coordinate_System
dist_units=Default
startAt=15.6464;60.6208;90
survey=Polygonal
[data]
-68.1866;0.0151002;90
-76.7611;0.00984669;90
-79.1786;0.00259922;90
57.065;0.00389378;90
-22.957;0.00302021;90
21.2654;0.0033941;90
33.1711;0.00447051;90
60.465;0.00575711;90
65.9398;0.00654899;90
54.0254;0.0057471;90
27.8425;0.00435292;90
27.7598;0.00424677;90
9.97191;0.00423295;90
3.38147;0.00403503;90
5.07773;0.00404487;90
42.1701;0.005285;90
71.7552;0.00743266;90
86.9421;0.00873544;90
82.5182;0.0085861;90
80.0294;0.00746779;90
82.3527;0.00676315;90
74.1318;0.00622107;90
78.7482;0.00657029;90
87.8485;0.00732516;90
79.6408;0.00782454;90
75.8365;0.00720502;90
37.3222;0.00476335;90
18.4908;0.00421563;90
51.2933;0.00515405;90
69.5164;0.00657257;90
73.2397;0.00647089;90
67.5405;0.00577179;90
61.0047;0.0058217;90
66.1333;0.00528164;90
76.1581;0.0058643;90
75.5997;0.0059551;90
79.7019;0.00533088;90
76.2513;0.00488085;90
85.8961;0.00223573;90
76.4904;0.0038526;90
77.165;0.00446558;90
36.5222;0.00230704;90
41.9721;0.00253002;90
80.4884;0.00477464;90
82.7215;0.00518579;90
67.4087;0.00385262;90
73.5535;0.0045387;90
89.2084;0.00499448;90
91.1556;0.00475997;90
83.298;0.00428428;90
86.0879;0.00458769;90
74.3463;0.0038581;90
65.6381;0.0018497;90
-112.405;0.00324279;90
-93.7895;0.021062;90
-106.379;0.0107555;90
-97.6639;0.00491894;90
-109.958;0.00459388;90
165.957;0.00206058;90
-105.448;0.00525589;90
-101.102;0.005344;90
-101.361;0.00306098;90
-102.48;0.00533096;90
-101.496;0.00694941;90
-104.377;0.0082483;90
-114.469;0.00710293;90
-118.036;0.00710812;90
-108.914;0.00808559;90
-108.701;0.00804366;90
-133.343;0.00604051;90
-160.256;0.00498505;90
-124.081;0.00621556;90
-97.3153;0.0085133;90
-94.3509;0.00809332;90
-98.5013;0.00796855;90
-107.013;0.0066887;90
-100.661;0.007589;90
-98.2368;0.00873208;90
-96.2649;0.00916373;90
-95.8946;0.00954246;90
-117.187;0.00770639;90
-163.969;0.00487768;90
-178.244;0.00479825;90
-171.407;0.00497282;90
-153.645;0.00463585;90
-142.936;0.00631484;90
-118.55;0.00614527;90
-114.113;0.00751694;90
-137.996;0.00522134;90
-152.333;0.00427705;90
156.886;0.00302373;90
-128.831;0.00298715;90
-133.972;0.000669738;90
-104.152;0.00251122;90
-110.675;0.004798;90
-133.651;0.00138207;90
-111.065;0.00104054;90
115.898;0.00391965;90
168.851;0.00293234;90
-132.85;0.0036569;90
176.267;0.000798695;90
160.428;0.00154634;90
149.189;0.00250097;90
150.856;0.00205748;90
153.742;0.00233494;90
174.258;0.00236889;90
-162.739;0.00217705;90
-159.017;0.00158619;90
135.829;0.00258899;90
105.538;0.00303492;90
70.8595;0.00385195;90
84.6917;0.00214018;90
117.169;0.00101836;90
78.8717;0.000989607;90
128.104;0.00109545;90
103.674;0.000613385;90
-109.992;0.00348074;90
-101.032;0.00161484;90
-107.628;0.00145954;90
131.99;0.00282809;90
-138.872;0.00110986;90
-162.679;0.00164248;90
-88.8942;0.00398974;90
-139.233;0.00195412;90
-158.461;0.00506898;90
-161.102;0.00477014;90
-114.565;0.00736786;90
-143.46;0.00558469;90
-128.732;0.00696208;90
-129.049;0.00701767;90
-130.202;0.00705052;90
-128.177;0.00735651;90
-133.623;0.00665155;90
-125.698;0.00791766;90
-130.134;0.00785314;90
-136.332;0.00760487;90
-122.632;0.00838212;90
-167.668;0.00550605;90
179.957;0.005333;90
-164.443;0.00555554;90
-126.028;0.007445;90
-111.691;0.0095481;90
-114.102;0.00932273;90
-116.548;0.00890268;90
-124.647;0.00798381;90
-120.051;0.00828117;90
-107.816;0.00948802;90
-98.9963;0.00968211;90
-97.4146;0.00984129;90
-103.603;0.00898814;90
-106.874;0.00789597;90
-103.507;0.00846;90
-102.624;0.00590269;90
-105.452;0.00293509;90
-111.409;0.0056735;90
-109.785;0.00351553;90
-78.0564;0.00521387;90
-61.3612;0.00646379;90
-63.0116;0.00387387;90
-96.1071;0.00290448;90
-115.829;0.00341297;90
-119.224;0.0039142;90
-121.578;0.002769;90
-123.531;0.0033002;90
-131.09;0.00461471;90
-132.027;0.00534443;90
-131.911;0.00353006;90
-121.622;0.00394233;90
-110.263;0.00462845;90
-106.029;0.00497232;90
-108.931;0.00471608;90
-118.294;0.0044178;90
-127.277;0.00422511;90
-142.186;0.00361769;90
-158.941;0.00325328;90
-157.594;0.00390372;90
-138.419;0.00535951;90
-122.193;0.0068454;90
-110.102;0.00681412;90
-106.097;0.00696091;90
-117.633;0.00602188;90
-124.726;0.00538397;90
-117.187;0.0060516;90
-117.344;0.00694497;90
-136.355;0.00538117;90
-146.412;0.00514263;90
-147.509;0.00521061;90
-150.032;0.00521297;90
-167.809;0.00452709;90
-177.053;0.00568051;90
176.229;0.00535159;90
126.082;0.00746251;90
121.342;0.00748059;90
173.278;0.00544241;90
-135.53;0.00680054;90
-155.808;0.00585413;90
156.702;0.00581518;90
156.427;0.00598875;90
168.378;0.00576825;90
169.972;0.00608191;90
-172.929;0.00580011;90
-165.31;0.00552872;90
-136.116;0.00613532;90
-132.514;0.00668279;90
-123.178;0.00762743;90
-136.833;0.00614507;90
-133.52;0.00635335;90
-134.411;0.00640036;90
-120.958;0.00738507;90
-110.784;0.00770757;90
-114.697;0.0079172;90
-114.628;0.00804594;90
-109.679;0.0086534;90
-119.408;0.00797917;90
-122.394;0.00766237;90
-149.654;0.00582512;90
179.67;0.00469208;90
-159.251;0.00361015;90
-143.295;0.00395022;90
-132.104;0.0047727;90
-132.419;0.00444443;90
-163.757;0.00370384;90
154.208;0.00394389;90
150.545;0.00396557;90
162.815;0.0035369;90
-175.858;0.00371069;90
-159.843;0.00374646;90
-161.5;0.00359583;90
-164.945;0.00331477;90
-170.845;0.00336891;90
-173.102;0.00343889;90
-161.922;0.00345138;90
-158.157;0.00354233;90
-157.995;0.00340289;90
-154.832;0.00339312;90
-161.162;0.00323636;90
-148.207;0.00341078;90
-157.922;0.00326438;90
-149.985;0.00365634;90
-135.832;0.00394678;90
-159.652;0.00325833;90
-150.024;0.00415706;90
-155.556;0.0034195;90
-135.142;0.00400365;90
170.404;0.00281337;90
-154.991;0.0030301;90
-136.066;0.00323133;90
-137.263;0.00356306;90
-140.604;0.00314966;90
-147.338;0.0029684;90
-141.777;0.00337954;90
-147.894;0.00325123;90
-151.61;0.00259739;90
-159.49;0.00175527;90
-137.167;0.00216954;90
-123.894;0.00248896;90
-143.262;0.00191421;90
132.898;0.00223596;90
133.277;0.00197514;90
173.708;0.000921551;90
-118.151;0.00163206;90
81.4435;0.00220454;90
123.82;0.00146608;90
-64.067;0.00105415;90
-40.7646;0.00608926;90
35.8259;0.00286508;90
61.3835;0.00303584;90
19.0437;0.00196452;90
33.4231;0.00279766;90
19.8864;0.00288397;90
42.5134;0.00360186;90
30.7238;0.00307105;90
40.6242;0.0032622;90
42.1199;0.00320866;90
41.6156;0.00344963;90
32.7276;0.00363269;90
-16.5998;0.00281429;90
45.5711;0.00375987;90
28.897;0.00331928;90
26.2317;0.00330541;90
25.0986;0.002796;90
32.5167;0.0106186;90
25.4732;0.00248785;90
33.8118;0.00300288;90
16.2722;0.0028658;90
19.1167;0.00287029;90
31.0833;0.00345159;90
19.1219;0.00440505;90
15.0214;0.00451426;90
7.19223;0.00444094;90
13.0512;0.0044017;90
18.6822;0.00476402;90
17.0127;0.00472685;90
-12.0692;0.0050169;90
-29.6914;0.00624031;90
5.61641;0.00556873;90
49.4292;0.00734331;90
38.1435;0.00632576;90
13.4372;0.00468629;90
0.274754;0.00312804;90
21.7413;0.00371744;90
50.2603;0.00489754;90
60.5796;0.00558413;90
60.0837;0.00613553;90
68.0637;0.00717659;90
67.9377;0.0105214;90
64.8959;0.0081388;90
68.96;0.00810539;90
58.0225;0.00762859;90
43.6991;0.00672773;90
46.0871;0.0061494;90
41.4734;0.00508099;90
57.1519;0.00579447;90
52.481;0.00612619;90
45.07;0.00521209;90
34.5723;0.00480927;90
10.9701;0.00575415;90
5.46735;0.00522678;90
-12.0513;0.00515358;90
-13.2726;0.00449507;90
-21.8662;0.00870206;90
19.6619;0.0172646;90
-13.0445;0.00232602;90
-51.1308;0.00675331;90
-64.3565;0.00575594;90
-39.3359;0.00451358;90
-1.0003;0.00378058;90
3.95425;0.0036978;90
6.37072;0.0041456;90
19.9981;0.00619025;90
35.7805;0.00559621;90
34.2735;0.00547462;90
38.4871;0.00533633;90
61.4808;0.00746252;90
63.1626;0.00630399;90
55.4007;0.0062395;90
63.2137;0.00683213;90
74.8678;0.0083433;90
66.1544;0.00751226;90
49.4868;0.00663461;90
29.2992;0.0054376;90
22.5222;0.00537278;90
47.3183;0.0062057;90
64.9285;0.00691448;90
73.4425;0.00720058;90
67.2942;0.00717616;90
49.8461;0.00530671;90
47.9448;0.0048862;90
48.6497;0.00482093;90
53.2377;0.0025564;90
66.3147;0.00258145;90
54.6642;0.00293585;90
72.772;0.0018165;90
58.5641;0.0025808;90
83.0501;0.00409912;90
115.767;0.00478252;90
116.612;0.00490459;90
111.269;0.00443831;90
81.9185;0.00233317;90
65.6797;0.00437308;90
69.2047;0.00409261;90
77.3762;0.00261727;90
75.5247;0.00854527;90
75.7909;0.0102908;90
74.4715;0.0104027;90
81.8912;0.0121939;90
80.7126;0.0114136;90
68.9141;0.0099481;90
56.7511;0.00875287;90
58.5851;0.00834178;90
64.9182;0.00927787;90
66.2678;0.00919342;90
66.3515;0.00926395;90
40.3573;0.00634234;90
3.7809;0.00539875;90
7.64342;0.00597711;90
34.4218;0.00636321;90
54.4271;0.00793483;90
43.4602;0.00707857;90
55.1571;0.00745807;90
55.2799;0.00813072;90
45.9262;0.00734921;90
48.4536;0.0068785;90
50.178;0.00623668;90
51.5736;0.00689935;90
47.9142;0.00605005;90
43.5442;0.00606752;90
57.7097;0.00731174;90
12.4756;0.00513833;90
23.0672;0.00395089;90
43.0819;0.00196474;90
27.3605;0.00296352;90
-41.2236;0.00257664;90
-69.0375;0.0018644;90
-70.9922;0.00136016;90
-80.2732;0.00195916;90
-92.2349;0.00320544;90
-87.8096;0.00198845;90
-88.5258;0.00326508;90
-90.3357;0.00324306;90
-10.2098;0.00134835;90
-51.9981;0.00265232;90
-57.91;0.00251294;90
-61.7879;0.0030186;90
66.3845;0.00189467;90
89.8235;0.00357002;90
97.8276;0.00190172;90
166.453;0.00650189;90
91.2251;0.0101493;90
100.261;0.00509752;90
69.6627;0.00266727;90
74.7851;0.0027473;90
105.124;0.0011115;90
140.003;0.00111085;90
72.7846;0.00115892;90
139.353;0.00108997;90
129.227;0.00217904;90
129.775;0.00145988;90
103.141;0.00105564;90
139.856;0.00127809;90
124.301;0.00309291;90
103.363;0.00412776;90
111.329;0.00216101;90
63.7619;0.00109703;90
-76.6854;0.0088581;90
-51.3474;0.00624242;90
-27.7064;0.00127973;90
132.035;0.00591863;90
-27.6704;0.00454364;90
-43.2475;0.00233525;90
-81.205;0.00142576;90
-69.5332;0.00210487;90
-46.1187;0.00206444;90
-48.5728;0.00216725;90
67.7769;0.0017662;90
75.8172;0.00199171;90
-45.4573;0.000620152;90
-50.7546;0.000825109;90
-28.381;0.000338711;90
-93.2225;0.00156548;90
138.979;0.00202792;90
-104.527;0.00206502;90
147.152;0.00171643;90
128.844;0.00189893;90
129.673;0.00110432;90
130.692;0.000960135;90
-119.534;0.00134703;90
-136.169;0.000623798;90
125.505;0.00165467;90
84.8847;0.00124496;90
115.397;0.000811414;90
-60.7422;0.00156116;90
-83.5649;0.00126698;90
-96.1899;0.00576863;90
-86.0805;0.00245775;90
-80.5122;0.00111019;90
-67.1036;0.00119517;90
-24.6311;0.00202748;90
31.5593;0.00163361;90
19.9443;0.00176485;90
-7.14062;0.00227666;90
-23.6374;0.00204017;90
-32.0711;0.00249354;90
-27.951;0.00210789;90
-28.9858;0.000889407;90
-25.5885;0.00102337;90
21.9903;0.00236614;90
54.2202;0.003301;90
-33.6081;0.00310022;90
-65.8421;0.00247035;90
48.9757;0.00320241;90
75.2564;0.00461702;90
71.8662;0.00132375;90
52.4146;0.00291503;90
-12.7972;0.00287132;90
18.57;0.00308671;90
34.2211;0.00454846;90
58.8756;0.00617723;90
66.1878;0.00716055;90
49.5836;0.00614958;90
25.7018;0.00513504;90
20.0751;0.00489437;90
2.71842;0.00449105;90
3.68023;0.00429987;90
30.779;0.00446722;90
65.4045;0.00688355;90
83.463;0.00794063;90
85.8539;0.00843708;90
79.9199;0.00791315;90
83.9163;0.00730313;90
73.5216;0.00571472;90
72.6145;0.00455824;90
80.7061;0.00520128;90
87.5636;0.00599842;90
81.0872;0.00682238;90
81.6667;0.00649962;90
56.2727;0.0051185;90
25.167;0.0035743;90
20.4227;0.0034189;90
55.5712;0.00503377;90
68.823;0.00657716;90
72.9261;0.00701623;90
65.7727;0.00586562;90
59.9893;0.00572216;90
70.5874;0.0065981;90
76.8185;0.00689363;90
78.2573;0.00638768;90
77.7852;0.00550155;90
81.9079;0.00298371;90
75.5439;0.00453457;90
76.7656;0.00485289;90
6.01209;0.00194771;90
-100.242;0.0011361;90
64.0502;0.00241554;90
73.4904;0.00428256;90
81.0274;0.00513585;90
78.5875;0.00449283;90
70.5162;0.00500989;90
85.4585;0.00486227;90
90.0483;0.004748;90
86.8114;0.00472832;90
84.3567;0.00457618;90
75.8997;0.00412117;90
68.5638;0.00198104;90
146.707;0.00280186;90
-76.3446;0.00142323;90
80.0102;0.0115004;90
54.9012;0.00210961;90
59.7615;0.00115171;90
-78.5205;0.00318063;90
50.5418;0.00109832;90
90.6196;0.00240414;90
110.507;0.00110183;90
109.262;0.00144594;90
158.028;0.000871286;90
-118.409;0.000931134;90
-87.5244;0.00125017;90
-41.7215;0.00129825;90
-125.674;0.00107343;90
-120.229;0.00136455;90
-129.673;0.00216319;90
-139.914;0.00206385;90
-128.634;0.00245536;90
-90.3648;0.00424109;90
-64.2934;0.00173136;90
-8.7279;0.00238563;90
-65.7224;0.00193843;90
-97.1978;0.0198172;90
-101.238;0.0198323;90
-123.107;0.00852618;90
-101.159;0.00319337;90
-24.3778;0.00186311;90
78.2124;0.0018112;90
-101.404;0.00213924;90
160.381;0.00165296;90
83.6401;0.00320472;90
69.8494;0.00476358;90
16.3954;0.00276337;90
79.2501;0.00740393;90
81.5719;0.00361605;90
82.5866;0.0219101;90
83.3894;0.00374389;90
73.127;0.00555724;90
-100.704;0.0113332;90
-91.737;0.0123387;90
-105.495;0.0145498;90
-96.0814;0.00418153;90
-148.177;0.00403564;90
-103.638;0.000941546;90
-101.576;0.00780884;90
-95.8238;0.00181336;90
-104.008;0.00540369;90
-103.283;0.0218835;90
-108.22;0.0020245;90
-124.019;0.00870117;90
-108.835;0.00416925;90
-106.738;0.0091392;90
-129.549;0.00251595;90
-140.199;0.00675804;90
-158.823;0.00180488;90
-124.942;0.00804535;90
-103.826;0.00184959;90
-96.5946;0.0196007;90
-104.596;0.00779353;90
-104.234;0.00288765;90
-98.7174;0.0187779;90
-97.4135;0.0172905;90
-119.946;0.00381422;90
-159.312;0.00582246;90
-177.72;0.00198557;90
-174.672;0.00461996;90
-154.787;0.0126413;90
-132.22;0.00202683;90
-114.946;0.0071368;90
-114.971;0.00554759;90
-133.152;0.00486884;90
-151.697;0.00368674;90
172.525;0.0028593;90
-163.599;0.00262793;90
-122.845;0.00253886;90
-100.61;0.00476853;90
-122.495;0.00367069;90
-133.094;0.00142419;90
53.1635;0.0006872;90
112.602;0.00278923;90
131.362;0.00337617;90
-128.763;0.00382689;90
-161.628;0.00257631;90
152.877;0.0027089;90
149.446;0.00323403;90
148.921;0.00051141;90
156.365;0.00165372;90
174.877;0.00267669;90
-158.391;0.00243299;90
-168.914;0.00150814;90
128.152;0.00177905;90
108.062;0.00262222;90
71.1479;0.00243249;90
77.0348;0.00394456;90
115.014;0.00127234;90
89.6671;0.00137702;90
132.657;0.00146989;90
-42.0793;0.000138773;90
-74.1224;0.00220409;90
-93.3273;0.0067023;90
-82.8892;0.00298899;90
-69.2728;0.000861778;90
-93.1843;0.0035645;90
-87.5796;0.00359921;90
-89.8454;0.00444802;90
-93.2886;0.000993636;90
-17.3627;0.0011829;90
-51.3946;0.00345378;90
-59.6386;0.00385001;90
-3.10438;0.00134798;90
89.155;0.00467851;90
100.253;0.00139325;90
-85.0743;0.00337747;90
-94.7164;0.00352694;90
125.036;0.00418054;90
124.488;0.00294935;90
141.682;0.00180478;90
176.323;0.000779605;90
96.5872;0.00166499;90
89.0806;0.0062318;90
91.4368;0.00426734;90
103.77;0.00208389;90
110.664;0.00229249;90
69.0451;0.00388387;90
78.9762;0.00377058;90
135.403;0.000803293;90
140.633;0.00150563;90
45.1104;0.000366989;90
-35.5022;0.00225404;90
-45.296;0.00355821;90
73.76;0.00136236;90
60.9834;0.000731864;90
-8.55036;0.00115686;90
-75.4455;0.00112614;90
18.8532;0.000173297;90
-102.929;0.00465707;90
-109.05;0.00226717;90
-97.1124;0.00224528;90
-131.653;0.00119918;90
-157.851;0.00229431;90
-95.8395;0.00840361;90
-89.2655;0.00327627;90
-6.27981;0.00136217;90
-56.6254;0.00382832;90
-60.1857;0.00388986;90
59.5329;0.00182035;90
87.4913;0.00402085;90
113.506;0.00122353;90
-81.1623;0.00242782;90
-91.7546;0.00385381;90
-116.879;0.00130722;90
118.928;0.00465364;90
124.759;0.00322559;90
156.465;0.00149758;90
104.875;0.0014413;90
89.5717;0.00561916;90
91.1889;0.00515711;90
103.323;0.00329365;90
83.954;0.00275332;90
74.6613;0.00360647;90
92.079;0.00115776;90
127.75;0.00132796;90
92.9962;0.00109049;90
127.352;0.000998835;90
4.23639;0.00027074;90
-54.4903;0.00262034;90
73.3483;0.00450179;90
91.665;0.00839755;90
82.5027;0.00209995;90
104.51;0.00477739;90
100.955;0.00693029;90
103.148;0.00677459;90
101.201;0.00626533;90
102.616;0.00358044;90
81.0887;0.0048546;90
83.1486;0.00527265;90
78.1407;0.00341591;90
69.9548;0.000945262;90
86.2448;0.00407675;90
87.2402;0.00627227;90
85.822;0.00623156;90
76.6276;0.00581979;90
64.4004;0.00498982;90
57.1146;0.00513481;90
55.4074;0.00463066;90
63.8586;0.00411269;90
80.925;0.00415906;90
97.9255;0.00249483;90
100.612;0.00188423;90
103.249;0.00113008;90
94.3687;0.00190353;90
90;0.001373;90
88.7475;0.00105225;90
87.7004;0.00152022;90
89.2671;0.00265822;90
85.7723;0.0031606;90
80.4911;0.00343824;90
82.0588;0.00356115;90
87.2357;0.00373234;90
82.2403;0.00330325;90
83.1256;0.00309122;90
82.8966;0.00295972;90
85.0758;0.00168923;90
82.9233;0.00117697;90
83.2645;0.000912297;90
89.4106;0.00145808;90
93.0016;0.00189059;90
96.5709;0.0027702;90
97.1762;0.00277776;90
93.9041;0.00436212;90
81.7964;0.00617418;90
70.7873;0.00454303;90
71.6647;0.00509254;90
73.887;0.0055417;90
74.669;0.00582841;90
75.473;0.00577668;90
72.9417;0.0055941;90
71.3433;0.0055549;90
69.9032;0.0059865;90
56.7934;0.00493007;90
42.4944;0.00372011;90
42.9438;0.00415834;90
34.6904;0.00378114;90
14.3102;0.00349959;90
-1.14291;0.00360972;90
-5.18867;0.00360477;90
-13.8384;0.003583;90
-17.9203;0.00355549;90
5.15821;0.00114564;90
6.27786;0.00203017;90
-1.17714;0.00219046;90
-15.6805;0.00202018;90
3.82679;0.00149834;90
24.9744;0.00138555;90
38.4779;0.00201699;90
43.4619;0.00218645;90
41.9726;0.00116482;90
36.9875;0.000974002;90
20.8545;0.00200003;90
17.3396;0.00213398;90
37.1467;0.00260823;90
54.8123;0.00395831;90
54.8044;0.00463418;90
45.0471;0.00430275;90
37.5618;0.0041239;90
42.1521;0.00377142;90
36.7332;0.00385561;90
35.4687;0.00405681;90
46.3;0.00386463;90
38.8063;0.0038472;90
6.95204;0.00304035;90
-27.7132;0.00323624;90
-24.2192;0.00183556;90
-4.14746;0.00204636;90
13.8865;0.00269167;90
28.6105;0.00224286;90
38.4617;0.00329747;90
56.5375;0.00453942;90
44.6524;0.0039627;90
37.3533;0.00360293;90
69.2017;0.00653376;90
58.1847;0.00469666;90
69.4108;0.00364267;90
71.5651;0.00328244;90
75.1239;0.00393799;90
47.2285;0.00276405;90
5.95361;0.00140759;90
131.949;0.000770425;90
-140.31;0.00286547;90
-111.521;0.00352473;90
-104.453;0.00443537;90
-87.1516;0.00368255;90
-84.9236;0.00509699;90
-76.3235;0.00459735;90
-107.747;0.00481934;90
-95.6324;0.00598088;90
-111.929;0.00465911;90
-98.1886;0.006375;90
-86.0137;0.00604162;90
-86.4565;0.00511277;90
-100.28;0.00632655;90
-113.518;0.00434053;90
-147.894;0.00307061;90
-128.647;0.00346347;90
116.82;0.00100624;90
28.7661;0.00517003;90
76.9245;0.0157668;90
90.4669;0.0112894;90
78.9174;0.00464564;90
70.6885;0.00427875;90
82.2792;0.00465217;90
75.1823;0.00409002;90
102.249;0.00454854;90
100.025;0.00438292;90
90;0.003546;90
78.2276;0.00170077;90
74.978;0.00407423;90
61.1927;0.00355494;90
34.9242;0.0027686;90
71.4256;0.0025994;90
82.7228;0.00219468;90
82.12;0.00278631;90
-111.274;0.0176004;90
-117.653;0.00103638;90
-83.6541;0.0142946;90
-110.135;0.00331458;90
-96.1802;0.00613063;90
-114.585;0.00437457;90
-97.5604;0.00608792;90
-86.6928;0.00596293;90
-86.7315;0.00487593;90
-100.814;0.00595882;90
-104.458;0.00484236;90
-144.111;0.00320187;90
-128.68;0.00353937;90
138.898;0.000769699;90
-137.228;0.00134593;90
58.5312;0.00173169;90
-90.1474;0.00155501;90
-95.5172;0.0231734;90
-105.059;0.0103805;90
-101.771;0.00392657;90
-109.743;0.00720555;90
-111.607;0.000983077;90
-79.3854;0.00140606;90
-78.3716;0.00282294;90
-96.8084;0.00244625;90
-92.0998;0.00229254;90
-76.622;0.00293463;90
-57.0714;0.00242093;90
-57.4847;0.00618205;90
-46.563;0.00500323;90
-42.0297;0.00521272;90
-2.21408;0.00421915;90
47.8433;0.00602985;90
-12.7048;0.0044151;90
-11.0862;0.00457131;90
-47.9394;0.00591566;90
-44.3981;0.00619318;90
-43.7172;0.00568515;90
0.625252;0.00449027;90
12.7609;0.00468574;90
-4.5863;0.00461478;90
-29.5761;0.00534666;90
-8.616;0.00491952;90
3.84141;0.0052989;90
-9.77064;0.00479657;90
0.728594;0.00408933;90
5.22096;0.00469247;90
53.1782;0.0052442;90
30.2277;0.00287027;90
18.6874;0.00129212;90
22.8397;0.00228517;90
19.7595;0.0027361;90
12.8005;0.00340769;90
-6.86686;0.00415682;90
3.51032;0.00395242;90
3.21773;0.00343842;90
2.28007;0.00369493;90
-5.70051;0.00395657;90
15.7587;0.0032034;90
17.088;0.00372651;90
-35.224;0.00426856;90
-57.4464;0.00511812;90
-44.1387;0.00465682;90
-14.887;0.00365881;90
-31.8969;0.00352768;90
15.0792;0.00357096;90
13.8881;0.00347045;90
-1.6855;0.00414779;90
-19.5049;0.0045045;90
14.1957;0.00470569;90
-8.11544;0.00442027;90
-4.69887;0.00418707;90
-7.81913;0.00435146;90
-48.0491;0.00515787;90
-50.1052;0.00567371;90
-57.3381;0.00647606;90
-57.1509;0.00604688;90
-53.635;0.00615084;90
-61.4272;0.00680361;90
-76.8875;0.00856019;90
-55.4847;0.00648928;90
-46.2557;0.00593688;90
-54.6959;0.00604586;90
-22.1936;0.00482875;90
-34.3365;0.0057282;90
-37.2868;0.00544234;90
-22.0693;0.00496369;90
37.2512;0.00555912;90
49.6666;0.00582324;90
15.0347;0.00446794;90
-51.0142;0.00488613;90
5.58015;0.0048952;90
3.53452;0.00444445;90
27.4551;0.00483675;90
21.9559;0.00481955;90
56.6925;0.00573268;90
70.2394;0.00710754;90
42.2114;0.00334292;90
-2.64906;0.00324547;90
-10.083;0.00362702;90
35.8535;0.00438609;90
52.6738;0.00554958;90
38.9088;0.0052111;90
56.8732;0.00877412;90
76.7548;0.006992;90
86.8232;0.00929328;90
69.3704;0.00738238;90
58.6379;0.00656169;90
26.2328;0.00493643;90
23.0368;0.00511598;90
39.7143;0.00578753;90
75.2777;0.00862931;90
75.2404;0.00854909;90
50.8159;0.0060081;90
62.2883;0.0066599;90
42.1183;0.00428978;90
42.6516;0.00336512;90
52.4942;0.00506371;90
27.5952;0.00542289;90
18.9815;0.00533722;90
-42.6395;0.00602613;90
-40.6638;0.00606028;90
31.9552;0.00532257;90
10.1348;0.00476231;90
37.0122;0.00571942;90
35.6727;0.0054754;90
72.0028;0.00856718;90
71.3026;0.00835388;90
56.9263;0.00703844;90
84.6094;0.00954823;90
75.7652;0.00860934;90
71.7143;0.00849707;90
44.3836;0.00585023;90
37.6228;0.0057989;90
22.3933;0.00519473;90
21.9037;0.00499131;90
6.92654;0.0047265;90
39.0944;0.00522994;90
59.8838;0.00761726;90
54.9933;0.00607141;90
43.0489;0.00575282;90
24.0945;0.00427442;90
-17.5442;0.0043126;90
36.3497;0.00497881;90
-45.1423;0.00569506;90
-34.212;0.0051151;90
10.7961;0.00498626;90
12.9836;0.00582184;90
8.86937;0.00470223;90
-50.6324;0.00654902;90
-16.7609;0.00543385;90
-20.2886;0.00506419;90
-19.5056;0.00538187;90
-3.12755;0.00480215;90
-21.77;0.00474006;90
-13.2456;0.00388434;90
-1.97538;0.00443864;90
53.2954;0.00734663;90
0.0663145;0.005184;90
-1.56985;0.00478179;90
67.8893;0.00670834;90
-4.46336;0.00516567;90
-24.814;0.00370287;90
18.3635;0.0048152;90
32.0156;0.00537207;90
68.5753;0.00785155;90
-23.1253;0.00359268;90
-66.3845;0.00687473;90
0.82396;0.00431145;90
39.9113;0.0061066;90
35.7234;0.00566733;90
22.1912;0.0048319;90
22.7786;0.00505202;90
63.5519;0.00788752;90
36.9985;0.00543541;90
-18.6473;0.00179208;90
-62.6109;0.00684084;90
-66.8708;0.00682781;90
-48.9411;0.00441359;90
-4.64712;0.00383862;90
-27.4217;0.00373912;90
-29.0523;0.00473016;90
-60.6615;0.00617386;90
-73.4107;0.00718716;90
-67.7664;0.00625291;90
-53.831;0.00657269;90
-55.891;0.0063734;90
-55.0842;0.00615858;90
-68.9703;0.00635637;90
-86.2183;0.00741414;90
-63.9599;0.00663782;90
-50.2681;0.00607638;90
-51.284;0.00589166;90
-41.0362;0.00532948;90
-35.2379;0.00502104;90
-32.7091;0.0055406;90
-33.0885;0.00520393;90
-4.53069;0.0033294;90
55.8742;0.00528866;90
7.16294;0.00206109;90
32.3706;0.00292682;90
72.115;0.0058644;90
75.2879;0.00668208;90
90.8111;0.00805281;90
93.5782;0.00588046;90
74.667;0.00600163;90
-66.2281;0.00271647;90
-64.2809;0.00666421;90
-52.6361;0.00607703;90
-59.8275;0.00648224;90
-82.5774;0.00785684;90
-85.4389;0.00589768;90
-91.6837;0.00350551;90
-93.5801;0.00188969;90
-92.1275;0.00328627;90
-94.2512;0.00458662;90
-96.7261;0.00618154;90
-99.4536;0.00650839;90
-113.736;0.00782818;90
-105.757;0.0084142;90
-99.3326;0.00907715;90
-96.7638;0.00881334;90
-105.523;0.00785037;90
-109.826;0.00768344;90
-110.006;0.00732501;90
-108.182;0.00572062;90
-108.652;0.00709778;90
-108.531;0.00680586;90
-92.0823;0.00913703;90
-99.0894;0.00762778;90
-111.409;0.00644898;90
-112.144;0.0059002;90
-112.008;0.00681023;90
-113.326;0.00718747;90
-119.03;0.00657162;90
-93.5805;0.00848657;90
-85.795;0.00848283;90
-86.301;0.00874221;90
-89.128;0.00880502;90
-94.3817;0.00799737;90
-84.435;0.00732151;90
-86.9244;0.00561008;90
-89.9207;0.00577701;90
-88.5174;0.00660921;90
-91.7312;0.00655399;90
-67.585;0.00572234;90
-64.9009;0.00589128;90
-92.0429;0.00737769;90
-115.09;0.00559605;90
-132.476;0.00435081;90
-112.935;0.00573539;90
-95.7039;0.00771721;90
-74.5459;0.00297973;90
-39.6369;0.00430462;90
-64.7622;0.00598532;90
-44.0965;0.00547086;90
-45.5425;0.00515292;90
-54.0485;0.00455459;90
-62.2658;0.00624664;90
-42.5265;0.00483334;90
-42.5221;0.00511929;90
-34.0999;0.00484626;90
-38.7955;0.00488076;90
-26.0286;0.0047286;90
-65.8837;0.00726402;90
-58.2369;0.00709336;90
-62.7085;0.00589072;90
-47.0041;0.004974;90
-53.0919;0.0054052;90
-50.5596;0.00592656;90
-12.3555;0.0186469;90
-36.9989;0.00399801;90
-53.7769;0.00742387;90
29.5775;0.00411871;90
34.8383;0.00503797;90
-46.1207;0.0054592;90
-31.6128;0.00498115;90
-75.5201;0.00764277;90
-53.2136;0.00576621;90
-18.6459;0.00481049;90
-21.087;0.00482511;90
-24.7784;0.00491995;90
-52.8195;0.00641869;90
-56.4721;0.0067621;90
-57.6073;0.00666393;90
-44.8464;0.00580112;90
-15.1204;0.00335826;90
-25.3927;0.00345366;90
66.8204;0.00633869;90
18.6654;0.00432445;90
-50.8889;0.00612689;90
-52.6671;0.00532117;90
-75.2392;0.00763393;90
-82.5459;0.00902628;90
-88.2932;0.00960226;90
-78.1384;0.00861598;90
-60.0702;0.00714717;90
-54.5203;0.00700706;90
-43.2023;0.00601832;90
-67.57;0.00805651;90
-64.5481;0.00752758;90
-77.0555;0.00907563;90
-61.4774;0.00655908;90
-52.4279;0.00600565;90
-60.0993;0.00542629;90
-81.0774;0.0060735;90
-59.6212;0.00606468;90
-59.151;0.00668126;90
-58.8107;0.00710027;90
-53.8881;0.00702962;90
-50.5416;0.00665599;90
-51.4587;0.00687072;90
-60.5166;0.00777371;90
-60.9482;0.00785421;90
-50.9537;0.00683073;90
-18.6376;0.00509731;90
-11.5604;0.00480038;90
-54.7307;0.00650134;90
-40.9048;0.0054459;90
-43.189;0.00599643;90
-35.2262;0.00509009;90
-30.4384;0.00385305;90
-36.3854;0.00484817;90
-15.6429;0.00325247;90
-58.4451;0.00485367;90
-56.3976;0.00489496;90
-23.022;0.00455911;90
-27.8616;0.00442721;90
-36.3301;0.004522;90
3.60735;0.00460913;90
9.72351;0.00476039;90
5.51811;0.00467969;90
-20.8441;0.00493499;90
32.9651;0.00477829;90
11.1439;0.00439792;90
4.23725;0.00492647;90
-4.57712;0.00428567;90
-27.0134;0.00428667;90
-46.2051;0.00537944;90
-32.4732;0.00433596;90
0.0163236;0.00351;90
-50.2007;0.00580378;90
-67.2052;0.00758327;90
-75.9234;0.00722805;90
-37.003;0.00507761;90
-52.8623;0.00676127;90
-42.95;0.00506047;90
-2.36747;0.00348598;90
-26.3163;0.00443014;90
-27.4686;0.00456572;90
-58.856;0.00670546;90
-62.8811;0.00717141;90
-76.3923;0.00778246;90
-46.7853;0.00524291;90
-20.9245;0.00425886;90
-36.3659;0.00329713;90
-46.6542;0.00367424;90
-38.4455;0.00321502;90
-43.4147;0.00406388;90
-8.71407;0.00312204;90
-44.3419;0.00387874;90
-43.2414;0.00407839;90
-46.1653;0.00389414;90
-59.0783;0.00420926;90
-55.5922;0.00380832;90
-2.61295;0.00300512;90
-6.20345;0.00319269;90
-23.1811;0.00430344;90
-27.2825;0.00510713;90
33.9901;0.00434308;90
77.4539;0.00827253;90
65.5916;0.00707098;90
55.2001;0.0067442;90
42.9966;0.00550183;90
22.6697;0.00539154;90
20.0831;0.00499151;90
47.6054;0.00577101;90
8.57035;0.00450935;90
-15.207;0.00459386;90
30.0327;0.00493913;90
33.2616;0.00541513;90
6.12927;0.00413966;90
-6.3032;0.00461792;90
-0.55251;0.00445921;90
-11.0483;0.00502514;90
-29.033;0.00516161;90
-23.4995;0.00482518;90
61.3246;0.00619364;90
62.8351;0.00721932;90
63.4524;0.00441221;90
57.3729;0.00515794;90
47.0867;0.00574835;90
52.6588;0.00547019;90
41.2432;0.00526653;90
-36.9902;0.00542981;90
4.92823;0.00352704;90
9.40628;0.00285742;90
-19.2469;0.00131659;90
-17.4191;0.00367451;90
-0.700432;0.00482636;90
-6.89961;0.00504453;90
2.122;0.00469922;90
9.44947;0.00512859;90
19.2536;0.00542228;90
59.9997;0.00756793;90
40.2526;0.00602329;90
0.213287;0.00510404;90
-1.04597;0.00503984;90
38.2925;0.00599345;90
41.2517;0.00623021;90
72.3865;0.00765381;90
76.4645;0.00840855;90
64.3571;0.00658563;90
79.9969;0.00818645;90
69.7539;0.00692379;90
50.7525;0.00634927;90
30.3584;0.00485351;90
37.8988;0.00527945;90
41.5044;0.00519559;90
16.3956;0.00477205;90
-9.6065;0.00470396;90
-63.1004;0.00643417;90
-54.4204;0.00508049;90
13.0479;0.00419018;90
36.7695;0.00410961;90
41.7252;0.00425808;90
81.9378;0.00894844;90
85.3917;0.00845132;90
57.2253;0.0042709;90
2.69544;0.00291322;90
-38.393;0.00117381;90
-88.7756;0.0057093;90
-88.7062;0.00943341;90
-79.0176;0.00871358;90
-78.8202;0.00906706;90
-78.2985;0.00944223;90
-78.7253;0.00892015;90
-62.3401;0.00278531;90
-49.0337;0.00461399;90
-20.944;0.00452925;90
7.12028;0.00450172;90
4.77142;0.00489296;90
-32.1985;0.00515713;90
-58.8291;0.00768559;90
-58.4957;0.00767182;90
-57.8437;0.00760572;90
-68.6979;0.00880025;90
-69.5779;0.00891002;90
-69.6755;0.00877535;90
-66.2059;0.00818687;90
-71.182;0.0087518;90
-85.6473;0.0106989;90
-77.5504;0.00941642;90
-73.0527;0.00915978;90
-68.4132;0.00862709;90
-74.4661;0.00937235;90
-77.2377;0.00974167;90
-68.6155;0.0087021;90
-53.75;0.00726523;90
-46.9017;0.00652029;90
-26.4802;0.00573686;90
-27.5908;0.00534595;90
-39.4896;0.00575842;90
-23.1308;0.00510651;90
-53.4974;0.00695794;90
-63.1081;0.00846768;90
-61.7611;0.00834409;90
-54.3398;0.00734164;90
-48.9394;0.00700914;90
-63.946;0.00862441;90
-69.9947;0.00926611;90
-58.7989;0.00798967;90
-54.5059;0.00718887;90
-84.491;0.00921858;90
-106.389;0.00876098;90
-87.8586;0.00990192;90
-85.5283;0.0101198;90
-84.1733;0.00977148;90
-70.6787;0.00856542;90
-77.5909;0.00534691;90
-13.4156;0.00356015;90
-35.391;0.00544761;90
-60.9804;0.0078003;90
-55.1819;0.00698808;90
-21.0722;0.00510648;90
4.42423;0.00430382;90
-13.471;0.00395789;90
-36.4457;0.00383631;90
-20.7851;0.00272216;90
16.9665;0.0026284;90
8.66942;0.00255418;90
3.75023;0.00250737;90
-56.2287;0.00313018;90
-76.9964;0.00333759;90
-84.1996;0.00336422;90
-86.3155;0.00350124;90
-93.1097;0.00394481;90
-89.7523;0.00532005;90
-86.977;0.00529036;90
-79.7833;0.00586906;90
-73.9166;0.00724455;90
-80.4;0.00964811;90
-88.0732;0.00942833;90
-82.6656;0.00896132;90
-72.3142;0.0081502;90
-68.9967;0.00733215;90
-63.1143;0.0071117;90
-14.0272;0.00460017;90
-46.4125;0.00593797;90
-51.1077;0.00608099;90
-40.7915;0.00594512;90
-38.5892;0.00570597;90
8.20968;0.00509117;90
34.5781;0.00597678;90
-8.51817;0.00494859;90
-49.6095;0.00663432;90
-48.5244;0.00695907;90
-47.4711;0.00685541;90
-45;0.00672741;90
-35.7995;0.0062843;90
-28.5083;0.00590841;90
-35.3924;0.00618986;90
-49.8498;0.00734343;90
-55.9095;0.0077377;90
-24.6905;0.0049627;90
28.0275;0.00441588;90
3.08076;0.00372138;90
-58.2833;0.00498555;90
-50.5427;0.00463412;90
-47.1112;0.00456818;90
-44.9099;0.0044972;90
-57.5672;0.00538494;90
-64.1111;0.00636698;90
-63.5306;0.0066948;90
-54.7561;0.00616748;90
-55.1784;0.00627821;90
-62.8688;0.00728681;90
-62.5829;0.00730783;90
-59.3189;0.00684751;90
-33.2727;0.00540625;90
-37.1064;0.00566885;90
-44.7819;0.00613137;90
-50.4346;0.00674927;90
-37.2101;0.00633331;90
-56.0541;0.00739062;90
-48.7032;0.00671102;90
-57.6193;0.00708815;90
-39.0834;0.00530256;90
-49.7063;0.00668774;90
-53.6315;0.00735948;90
-58.4104;0.00774105;90
-82.5987;0.00977343;90
-43.2884;0.00632082;90
-44.0991;0.00683574;90
-54.0134;0.00701843;90
-53.7711;0.00666822;90
-39.7588;0.00533338;90
-71.1537;0.00828095;90
-61.8126;0.00753454;90
-67.2451;0.0082241;90
-61.6798;0.00737354;90
-47.3695;0.00656757;90
-48.5798;0.00664775;90
-55.2076;0.00719413;90
-57.8334;0.0075735;90
-43.6669;0.0066868;90
-34.9739;0.00569432;90
-64.2534;0.00807795;90
-62.315;0.00835107;90
-62.7899;0.00818363;90
-62.8644;0.00826358;90
-62.2707;0.00803361;90
-64.4549;0.00876812;90
-69.3379;0.00974053;90
-72.5901;0.00991628;90
-60.9897;0.00602722;90
-54.6224;0.0073649;90
-56.7819;0.00814854;90
-68.3739;0.00940718;90
-60.2672;0.00823057;90
-57.3105;0.00805242;90
-59.6835;0.00830466;90
-68.391;0.0094577;90
-70.7013;0.0096704;90
-68.2521;0.0103475;90
-51.4842;0.00764535;90
-26.9201;0.00599009;90
2.35625;0.00530248;90
-16.051;0.00536724;90
-13.3578;0.00528498;90
-2.84722;0.00527451;90
9.74882;0.00539186;90
21.152;0.00593056;90
31.7398;0.00649542;90
27.8049;0.00529088;90
5.56294;0.00420882;90
-1.81482;0.00495749;90
-24.3389;0.00514639;90
-18.9295;0.00512941;90
-24.4289;0.00536313;90
-46.7114;0.00665331;90
-49.9545;0.00715579;90
-50.1262;0.00623617;90
-56.3135;0.00890654;90
-53.7944;0.00529556;90
-55.0183;0.00636125;90
-62.1121;0.00893011;90
-59.1797;0.00869724;90
-52.9964;0.00685702;90
-69.9726;0.00851171;90
-76.794;0.006277;90
-70.2941;0.00651558;90
-48.964;0.00571791;90
-27.5166;0.00433544;90
-30.5792;0.00439526;90
-13.4859;0.00429235;90
13.7369;0.00394587;90
33.7195;0.00323889;90
20.348;0.00215977;90
24.0236;0.00218858;90
33.1138;0.00250959;90
6.84189;0.00258541;90
4.32021;0.00257532;90
40.0594;0.00372757;90
49.0247;0.00601463;90
2.31007;0.00458973;90
9.08464;0.00481338;90
11.3616;0.00499998;90
29.7373;0.00559248;90
35.264;0.00593753;90
50.5175;0.00726595;90
67.7077;0.00808529;90
43.9486;0.00423911;90
19.6189;0.00353523;90
25.5272;0.00404929;90
28.3503;0.00548371;90
21.1708;0.00539942;90
23.1732;0.00563896;90
9.80142;0.00522223;90
6.01878;0.00521676;90
-14.1983;0.0053164;90
17.5941;0.00465474;90
40.5035;0.00661129;90
38.8309;0.00622465;90
29.4186;0.00507546;90
44.7783;0.00511666;90
62.0246;0.00666819;90
20.0381;0.0044536;90
7.65722;0.0049007;90
38.8975;0.00508178;90
43.6329;0.007617;90
45.5105;0.00642856;90
53.9663;0.00666031;90
60.2292;0.00796526;90
64.6925;0.00705068;90
73.0991;0.00555179;90
73.4108;0.00633258;90
73.1866;0.00586679;90
75.0686;0.00670644;90
77.0039;0.00843096;90
77.9324;0.00735657;90
66.829;0.00653407;90
38.1128;0.00441664;90
1.87708;0.00351088;90
-7.02904;0.00362827;90
-10.3574;0.00370436;90
-6.26549;0.00347274;90
4.21657;0.00352253;90
21.6028;0.00192846;90
18.0276;0.00209063;90
17.8095;0.00437464;90
4.89772;0.00475536;90
-15.6427;0.00522554;90
-6.17554;0.00488032;90
-0.340585;0.00521509;90
4.20779;0.00517896;90
4.59851;0.00538835;90
21.5348;0.00474847;90
21.2055;0.00698067;90
-6.2707;0.00327761;90
2.22586;0.00615364;90
14.4797;0.0039794;90
12.1377;0.00521253;90
-14.565;0.00543982;90
-17.6525;0.0052796;90
8.7852;0.00502192;90
24.5412;0.00453355;90
42.0748;0.00505745;90
38.3696;0.00539525;90
35.7496;0.00568769;90
27.6955;0.00537253;90
26.7037;0.00461973;90
26.38;0.00512241;90
20.0228;0.00518117;90
9.61294;0.00494037;90
26.1647;0.00544049;90
48.8077;0.00593087;90
41.3999;0.0042567;90
21.0488;0.00545713;90
33.4924;0.00546549;90
36.1946;0.00566779;90
39.0013;0.00597453;90
50.1491;0.00679159;90
72.9064;0.00926738;90
73.0573;0.00908324;90
72.6014;0.00944094;90
70.7863;0.00963256;90
71.0145;0.00918146;90
76.7487;0.00975473;90
83.8281;0.0107151;90
82.7991;0.0107699;90
83.6264;0.0107917;90
86.2744;0.0105573;90
82.2548;0.00943104;90
80.1743;0.00826828;90
78.0791;0.00860763;90
76.6192;0.0102194;90
76.9965;0.0101195;90
77.0718;0.00995843;90
76.8228;0.00973841;90
70.9402;0.0090184;90
70.8752;0.00924527;90
70.9061;0.00954091;90
72.5903;0.00970247;90
84.763;0.0101122;90
88.0152;0.00978787;90
79.1034;0.00878133;90
69.6076;0.00815616;90
69.6296;0.00765898;90
50.3052;0.00569752;90
42.4954;0.00443355;90
52.4363;0.00498817;90
42.6024;0.00432704;90
46.8063;0.00455391;90
48.8468;0.00510125;90
29.622;0.00445298;90
21.057;0.00380188;90
45.1962;0.00433671;90
62.2033;0.00405716;90
-27.259;0.000849321;90
-47.312;0.00287461;90
-52.178;0.00332186;90
-65.2912;0.00325832;90
-65.7318;0.00342573;90
-67.4943;0.00374632;90
-45.3521;0.00241623;90
-72.3647;0.00317207;90
-52.1708;0.00241314;90
-61.6694;0.00299015;90
-66.3021;0.00354055;90
-64.0039;0.0036481;90
-58.0468;0.00431006;90
-58.4914;0.00436449;90
-52.9104;0.00380723;90
-42.9386;0.00361707;90
-40.3523;0.00356919;90
-22.0113;0.0031431;90
-22.1644;0.00304825;90
9.85144;0.00307433;90
25.8415;0.00357665;90
10.1846;0.0033254;90
10.3608;0.00338621;90
-32.8409;0.00426695;90
-28.2931;0.00403391;90
-21.5212;0.00425247;90
-29.3964;0.00428238;90
-35.3998;0.00488021;90
-34.5202;0.00581969;90
-42.4378;0.00610561;90
-49.0461;0.00613317;90
-54.2657;0.00494497;90
-60.6446;0.00534652;90
-65.0601;0.00570829;90
-70.1677;0.00870106;90
-76.8048;0.00882294;90
-80.5406;0.00958939;90
-81.0333;0.00900809;90
-78.9071;0.00828479;90
-76.8455;0.00762816;90
-72.907;0.00737266;90
-57.3287;0.00511653;90
-56.6476;0.00461269;90
-52.2251;0.00416612;90
-44.2314;0.00205574;90
-144.827;0.00191824;90
-176.844;0.00176167;90
121.335;0.00230173;90
-149.256;0.000803991;90
-147.523;0.00151966;90
-170.701;0.00150376;90
-171.283;0.000910519;90
-170.298;0.00176829;90
-91.1112;0.00278452;90
-157.729;0.000770476;90
-90.9742;0.0101165;90
-90.9937;0.00282542;90
-82.5143;0.00132025;90
106.767;0.00120629;90
81.0854;0.00359442;90
82.3777;0.00382984;90
89.7966;0.00309802;90
-24.2921;0.00121783;90
-61.3073;0.000722748;90
157.471;0.00140416;90
91.5769;0.0058142;90
64.2061;0.000797454;90
7.41439;0.00159635;90
8.35807;0.00149286;90
26.5034;0.000831371;90
19.1344;0.00137285;90
18.782;0.00135727;90
-64.5867;0.00300365;90
56.5936;0.00207239;90
118.176;0.00466136;90
123.131;0.00642207;90
115.959;0.00731056;90
104.466;0.00865852;90
101.656;0.00902308;90
99.4118;0.00931337;90
98.8739;0.0091728;90
101.357;0.00916137;90
108.518;0.00853911;90
113.979;0.00781989;90
119.859;0.00730926;90
129.391;0.00628729;90
133.138;0.00628879;90
142.805;0.00578469;90
145.412;0.00555601;90
146.772;0.00523016;90
158.293;0.00429885;90
153.596;0.00445918;90
146.091;0.0046426;90
-174.647;0.00403058;90
-166.421;0.0037992;90
-151.21;0.00370841;90
176.254;0.0031838;90
157.528;0.00337747;90
149.552;0.00357966;90
136.478;0.00414007;90
130.736;0.0047458;90
121.764;0.0051175;90
121.774;0.00492627;90
115.248;0.00441695;90
114.172;0.00385611;90
131.502;0.00278128;90
109.815;0.00417415;90
128.702;0.00295871;90
113.831;0.00417278;90
113.637;0.00416766;90
123.637;0.00356728;90
129.81;0.00348619;90
-155.184;0.00174405;90
-123.978;0.0053446;90
-151.929;0.00456047;90
-154.913;0.00476888;90
-131.189;0.00586144;90
-134.261;0.0055364;90
-135.957;0.00533374;90
-129.594;0.00564378;90
-135.656;0.00543094;90
-114.176;0.00522531;90
-109.407;0.0057062;90
-109.684;0.00629696;90
-104.196;0.00702968;90
-92.3847;0.00742643;90
-93.0463;0.00790317;90
-96.9849;0.00821497;90
-108.033;0.00653185;90
-109.478;0.00625602;90
-109.828;0.00556915;90
-108.727;0.00595212;90
-109.11;0.005208;90
-108.675;0.0052061;90
-104.917;0.00689125;90
-102.719;0.00684495;90
-103.14;0.00669529;90
-103.327;0.00736225;90
-102.07;0.00722575;90
-103.598;0.00700948;90
-102.561;0.00627623;90
-99.8175;0.00803466;90
-98.0897;0.00702086;90
-96.6868;0.00626059;90
-93.425;0.00701353;90
-94.8089;0.00704982;90
-96.6825;0.00918641;90
-97.2315;0.00954089;90
-97.3245;0.0095459;90
-103.469;0.00904169;90
-109.585;0.0080221;90
-108.845;0.00790052;90
-118.858;0.0022128;90
71.0836;0.000940811;90
-104.848;0.00445267;90
-106.41;0.00727747;90
-107.96;0.00752047;90
-106.247;0.00793488;90
-120.875;0.0062904;90
-142.134;0.00446387;90
-139.973;0.00427429;90
-144.431;0.00345209;90
-148.218;0.00844528;90
-159.998;0.00455475;90
-134.558;0.0055955;90
-132.351;0.0057075;90
-161.372;0.00450501;90
-169.089;0.00453294;90
-161.382;0.00483926;90
-153.136;0.00377096;90
-153.165;0.00388991;90
-153.933;0.00406443;90
-150.245;0.00427573;90
-144.739;0.00465263;90
-139.856;0.00394284;90
-140.19;0.00354086;90
-140.089;0.0034757;90
-151.644;0.00337722;90
-170.221;0.00408028;90
175.635;0.0039284;90
160.88;0.00489397;90
172.28;0.00471978;90
-167.909;0.00463073;90
-164.36;0.00472184;90
179.211;0.00472245;90
176.569;0.00476154;90
-156.521;0.00515804;90
-156.256;0.00482547;90
-174.284;0.00486921;90
-176.452;0.00475011;90
-179.664;0.00460908;90
179.924;0.004505;90
164.897;0.00471692;90
173.438;0.00462027;90
-171.095;0.00454782;90
-161.213;0.00473845;90
-165.229;0.00476549;90
172.913;0.0047251;90
171.323;0.00500428;90
177.104;0.00471002;90
-147.171;0.00502088;90
-111.896;0.00785678;90
-101.739;0.00918614;90
-103.606;0.00859522;90
-105.797;0.00787546;90
-106.953;0.00791182;90
-109.805;0.00719561;90
-115.883;0.00691128;90
-120.306;0.00725898;90
-126.79;0.00603121;90
-131.603;0.00573977;90
-141.977;0.00526807;90
-132.626;0.00495117;90
-148.155;0.00355747;90
-174.947;0.00391722;90
-164.039;0.00449114;90
-118.806;0.00697516;90
-133.447;0.00511426;90
-149.194;0.00485034;90
-143.8;0.00516255;90
-141.009;0.0054037;90
-146.027;0.00533101;90
177.263;0.00458623;90
172.331;0.00463849;90
-174.823;0.00478753;90
-164.076;0.00484388;90
-157.317;0.00484146;90
-159.733;0.00332272;90
-163.802;0.000996561;90
-153.957;0.00225942;90
-151.081;0.0044316;90
-154.119;0.00445591;90
-154.904;0.00448211;90
-117.916;0.00641214;90
-116.554;0.0068607;90
-135.61;0.00571233;90
-145.478;0.00546299;90
-153.555;0.005113;90
-170.786;0.00455274;90
-170.525;0.00442842;90
-177.654;0.00422654;90
-138.743;0.005394;90
-133.286;0.00491801;90
-174.085;0.00239676;90
-177.053;0.00227601;90
-151.87;0.00252188;90
-152.542;0.00278245;90
-157.857;0.00273794;90
-148.721;0.00377697;90
-176.401;0.00396682;90
159.622;0.00424463;90
149.62;0.00466449;90
147.794;0.00445435;90
126.671;0.00461803;90
109.813;0.00631373;90
101.599;0.00388942;90
105.039;0.00626662;90
117.856;0.00690628;90
127.179;0.00641229;90
120.048;0.00693389;90
116.169;0.00736936;90
125.569;0.00630923;90
125.604;0.00676085;90
122.451;0.00719559;90
129.404;0.00607614;90
129.713;0.00596294;90
129.733;0.00606998;90
140.852;0.00485484;90
155.436;0.00402201;90
173.725;0.00419916;90
138.948;0.00510399;90
173.484;0.00406224;90
-170.324;0.00427177;90
-164.819;0.00450212;90
-149.506;0.00494035;90
-149.717;0.00519952;90
-156.122;0.00489387;90
-169.747;0.00455067;90
-179.699;0.00457406;90
170.745;0.00462622;90
163.254;0.00468885;90
170.306;0.00463214;90
179.59;0.00446711;90
154.29;0.00521196;90
131.039;0.00610135;90
116.84;0.00736659;90
109.048;0.00810159;90
109.475;0.00829349;90
111.681;0.00780628;90
119.876;0.00703837;90
122.978;0.00542511;90
121.727;0.00688371;90
116.575;0.0077766;90
112.809;0.00880666;90
123.533;0.00669054;90
126.6;0.00627787;90
119.14;0.005436;90
111.665;0.00742988;90
106.55;0.00851683;90
113.631;0.00779352;90
115.466;0.00771898;90
117.362;0.00752823;90
117.675;0.00791672;90
117.482;0.00726592;90
116.986;0.00755006;90
117.993;0.00739518;90
136.602;0.00551335;90
140.196;0.00555168;90
126.49;0.00678515;90
123.107;0.00667699;90
124.339;0.00486975;90
132.131;0.00320651;90
134.01;0.00421711;90
130.723;0.00428569;90
129.807;0.00401588;90
110.097;0.00526456;90
112.327;0.00511984;90
121.123;0.00487933;90
111.859;0.00596268;90
111.05;0.00688228;90
143.445;0.00341845;90
129.197;0.0023007;90
125.947;0.00377489;90
127.318;0.00478195;90
126.99;0.00589681;90
136.662;0.00536495;90
138.431;0.0051754;90
105.95;0.00814768;90
104.674;0.00789138;90
131.194;0.00556022;90
126.014;0.00555462;90
131.692;0.00582141;90
139.827;0.00515116;90
122.716;0.00633143;90
130.62;0.00579541;90
128.782;0.00608439;90
131.127;0.00601921;90
137.035;0.00575594;90
129.402;0.00625591;90
138.263;0.00536716;90
143.541;0.00516113;90
142.359;0.00528888;90
121.189;0.00642456;90
117.123;0.00660879;90
116.695;0.00648864;90
124.517;0.00555368;90
124.608;0.00543343;90
121.014;0.00552363;90
116.038;0.005882;90
116.131;0.00531081;90
126.151;0.00516681;90
135.37;0.00547312;90
132.174;0.00500463;90
125.695;0.00511247;90
145.925;0.00396592;90
-151.59;0.0040986;90
-168.667;0.00396429;90
130.891;0.00598974;90
123.948;0.00697487;90
133.027;0.00609958;90
146.711;0.00527089;90
151.885;0.00510771;90
142.362;0.0055791;90
139.88;0.00602589;90
131.816;0.00642975;90
132.703;0.0059289;90
132.781;0.00655485;90
135.219;0.00572407;90
-166.884;0.00436281;90
-144.083;0.00411177;90
-153.081;0.00347;90
164.453;0.00310044;90
139.3;0.00435673;90
137.438;0.00531943;90
134.954;0.00530189;90
125.853;0.00607636;90
159.128;0.00454419;90
136.092;0.00534246;90
110.597;0.00782842;90
110.936;0.00802908;90
100.477;0.00889226;90
93.5334;0.00941089;90
93.8567;0.00947045;90
106.922;0.00862338;90
101.289;0.00686073;90
93.9679;0.00606955;90
91.0607;0.00577999;90
86.9933;0.00392741;90
95.2464;0.00558841;90
102.803;0.00505877;90
138.9;0.0033056;90
-163.68;0.0032562;90
-170.316;0.00293685;90
175.359;0.00237278;90
143.481;0.00378767;90
156.095;0.00407672;90
-171.715;0.00423318;90
162.101;0.00473414;90
133.075;0.00604281;90
118.973;0.00663088;90
127.179;0.0065529;90
159.81;0.00443022;90
139.013;0.00211165;90
105.398;0.00609373;90
108.103;0.0073151;90
95.2686;0.00881022;90
94.277;0.00895694;90
93.5534;0.00903537;90
77.4211;0.00793445;90
84.4441;0.00810809;90
110.943;0.00742772;90
128.041;0.00592964;90
119.421;0.00673222;90
109.271;0.00780217;90
114.776;0.00671953;90
125.388;0.00653419;90
133.123;0.0054625;90
120.108;0.0073461;90
118.456;0.00661297;90
117.767;0.00754928;90
124.725;0.00683058;90
157.169;0.00479357;90
141.255;0.00555558;90
149.327;0.00516337;90
156.803;0.00486425;90
139.012;0.00576007;90
127.309;0.00645099;90
122.452;0.00701083;90
105.2;0.00891697;90
102.808;0.00927475;90
109.374;0.00873886;90
109.271;0.00795366;90
106.337;0.00836889;90
101.642;0.00878576;90
93.7455;0.00910845;90
107.15;0.00785423;90
114.207;0.00743362;90
110.889;0.00777716;90
110.184;0.00805997;90
110.715;0.00789329;90
114.316;0.00779334;90
122.432;0.00659337;90
122.168;0.00646315;90
122.101;0.00681961;90
141.226;0.00541159;90
-174.698;0.00451231;90
-174.877;0.00442367;90
169.75;0.00440023;90
134.272;0.00501096;90
134.869;0.00154079;90
102.386;0.00516112;90
100.653;0.00802736;90
101.748;0.00807414;90
101.13;0.00810238;90
101.014;0.00824385;90
92.0051;0.00851721;90
91.4921;0.00629814;90
126.578;0.00196503;90
-169.125;0.00299478;90
-115.953;0.00477562;90
-93.9484;0.00731937;90
-97.9841;0.00832267;90
-119.299;0.00489406;90
-174.55;0.00321152;90
-147.481;0.00385431;90
-179.603;0.00346408;90
114.856;0.00517209;90
116.135;0.00577772;90
171.81;0.00381187;90
-171.643;0.00392872;90
-146.691;0.00455058;90
-130.456;0.00506111;90
-150.023;0.00434299;90
-144.872;0.00456551;90
-122.816;0.00576622;90
-110.03;0.00609038;90
-104.238;0.0064202;90
-105.478;0.00597676;90
-111.186;0.00601558;90
-104.079;0.0075271;90
-115.579;0.00618633;90
-140.51;0.00541246;90
-141.155;0.00502539;90
178.44;0.00411353;90
177.916;0.00420678;90
-154.863;0.0047907;90
-129.831;0.00577651;90
-123.376;0.00636584;90
-171.732;0.00422087;90
-170.928;0.00424915;90
-176.021;0.00416504;90
175.395;0.00420959;90
176.345;0.00423561;90
176.869;0.00360638;90
155.636;0.00256219;90
167.474;0.0018951;90
-153.198;0.00345744;90
166.487;0.00297434;90
136.479;0.00432894;90
-155.135;0.00373856;90
-124.569;0.00563975;90
-135.708;0.00486597;90
-133.741;0.00437522;90
-124.616;0.00502929;90
-108.291;0.00539771;90
-119.054;0.00642671;90
-121.556;0.00510956;90
154.162;0.00391209;90
152.417;0.00463029;90
159.583;0.00438016;90
172.1;0.00432908;90
-173.033;0.00431184;90
161.477;0.00432821;90
-150.834;0.00385358;90
-145.805;0.00525793;90
-156.083;0.00421054;90
165.848;0.00442531;90
-171.394;0.00411635;90
-133.435;0.00548778;90
-158.33;0.00452801;90
-159.59;0.00451336;90
-143.014;0.00482361;90
-130.423;0.00504149;90
-123.166;0.00581655;90
-110.043;0.00802396;90
-104.826;0.00673731;90
-152.075;0.00307054;90
154.071;0.00399073;90
152.276;0.00426684;90
167.031;0.00319038;90
177.913;0.00252668;90
172.804;0.00209954;90
125.247;0.00279672;90
151.81;0.000489001;90
-81.9405;0.00367328;90
-90.1569;0.00547702;90
-82.2786;0.00684002;90
-86.8528;0.00826947;90
-74.9893;0.00666026;90
-94.0182;0.00593659;90
-73.9213;0.00513799;90
-53.1685;0.0050712;90
-63.675;0.00651238;90
-75.943;0.00736556;90
-86.8479;0.00825649;90
-77.7304;0.0084889;90
-80.1159;0.00926857;90
-81.5761;0.00879893;90
-82.2248;0.00874439;90
-71.8794;0.00634046;90
-81.0578;0.00635626;90
-102.392;0.00714343;90
-87.8352;0.0086832;90
-82.7632;0.00896239;90
-86.5724;0.00841305;90
-75.756;0.00829502;90
-84.5632;0.00926669;90
-81.177;0.00867768;90
-74.6695;0.00826821;90
-73.0636;0.00805328;90
-75.5333;0.00842617;90
-62.966;0.00655637;90
-84.7468;0.00882507;90
-84.322;0.00875295;90
-89.714;0.00761309;90
-85.9544;0.00795181;90
-82.3595;0.00817558;90
-101.097;0.00830224;90
-102.867;0.00806963;90
-94.6343;0.00768613;90
-93.5682;0.0061379;90
-85.6042;0.006119;90
-84.0202;0.00637368;90
-101.592;0.00557879;90
-76.8635;0.00678043;90
-71.0743;0.00768019;90
-78.8922;0.00867349;90
-85.7639;0.00800086;90
-92.885;0.00659636;90
-81.2244;0.00814738;90
-82.9622;0.00822699;90
-80.8898;0.00773052;90
-87.9972;0.00763967;90
-81.7951;0.00671271;90
-89.0903;0.00812502;90
-94.3025;0.00863734;90
-94.7796;0.00984122;90
-93.068;0.00926728;90
-86.6355;0.00838345;90
-73.9444;0.00649744;90
-87.6124;0.00849738;90
-84.5303;0.00896984;90
-89.7105;0.00910312;90
-88.393;0.00652557;90
-83.6953;0.00659287;90
-80.3092;0.00408124;90
157.391;0.00160754;90
-162.31;0.00393927;90
-118.066;0.00498635;90
-167.717;0.00396271;90
167.904;0.00406116;90
-142.449;0.00485994;90
-134.772;0.00550911;90
-151.32;0.00471327;90
-115.969;0.0062734;90
-98.6908;0.00605553;90
-115.321;0.00366623;90
-118.443;0.00300242;90
-119.013;0.00265977;90
-164.973;0.00180886;90
162.585;0.00168734;90
-92.8368;0.00145478;90
-72.5221;0.000965578;90
-96.7785;0.00116917;90
94.3061;0.00227743;90
82.7599;0.00142032;90
167.783;0.00197063;90
163.249;0.00351829;90
146.899;0.0032374;90
151.597;0.00260681;90
156.743;0.00372792;90
142.016;0.00413358;90
119.077;0.00598992;90
99.7193;0.0085416;90
104.501;0.00770755;90
160.933;0.00438666;90
-171.704;0.00424846;90
135.264;0.00536488;90
118.846;0.00710112;90
117.841;0.00692682;90
110.04;0.00714671;90
107.315;0.00485502;90
114.869;0.00442757;90
108.671;0.00399209;90
133.335;0.00262872;90
140.448;0.00222684;90
138.23;0.00240941;90
135.254;0.00238934;90
123.234;0.00310365;90
111.987;0.00389424;90
115.171;0.00400867;90
126.716;0.00380861;90
133.074;0.00458606;90
132.556;0.00608595;90
120.666;0.0029704;90
113.974;0.00697472;90
133.458;0.00359977;90
135.792;0.0808166;90
-107.707;0.00507966;90
-121.83;0.00442551;90
141.444;0.00481969;90
132.762;0.00470868;90
159.97;0.00673542;90
159.515;0.0344922;90
129.797;0.00262783;90
128.88;0.00986307;90
166.482;0.0309597;90
156.441;0.00656742;90
-159.072;0.0221642;90
-152.333;0.0072793;90
145.387;0.00260022;90
125.368;0.00483046;90
112.803;0.00161524;90
116.754;0.00730393;90
115.443;0.00655249;90
134.429;0.00553692;90
167.231;0.00470537;90
177.424;0.00449454;90
171.42;0.00446396;90
133.373;0.00597605;90
150.824;0.00504623;90
-177.208;0.00470158;90
-177.992;0.00448175;90
-166.514;0.0044209;90
-140.103;0.00457899;90
-129.783;0.004954;90
-130.32;0.00577226;90
-130.227;0.0060001;90
-130.028;0.00578398;90
-129.047;0.00606077;90
-121.55;0.00678844;90
-121.66;0.00656151;90
-131.184;0.00587565;90
-132.828;0.00572814;90
-119.992;0.00691376;90
-120.223;0.00672279;90
-136.637;0.00569312;90
-141.124;0.00520359;90
-133.201;0.00542831;90
-120.858;0.00501257;90
-121.919;0.00478325;90
-121.131;0.00487041;90
-126.749;0.00475001;90
-133.659;0.00453097;90
-133.118;0.00469348;90
-133.679;0.0048768;90
-132.859;0.00675829;90
-131.999;0.00655043;90
-116.671;0.00824306;90
-117.197;0.00762054;90
-142.512;0.00570653;90
-143.487;0.00552431;90
-162.717;0.00482693;90
172.386;0.00463386;90
-159.035;0.00503641;90
-128.566;0.00687181;90
-129.149;0.00716567;90
-132.784;0.00513956;90
-163.476;0.00326275;90
-91.7753;0.00503542;90
-78.0707;0.00544254;90
-167.955;0.00305731;90
163.29;0.00441338;90
-166.249;0.00443821;90
-128.863;0.00607848;90
-136.767;0.00596374;90
-146.629;0.00492498;90
-135.853;0.00560232;90
-134.662;0.00551977;90
161.978;0.00469326;90
-178.994;0.00444468;90
-123.232;0.00707265;90
-113.285;0.00748789;90
-120.013;0.00719124;90
-132.154;0.00606597;90
-173.981;0.00501665;90
-161.789;0.00461095;90
-154.92;0.00507445;90
-179.712;0.00418505;90
143.899;0.00387635;90
117.619;0.00583489;90
115.868;0.00694932;90
116.861;0.00623022;90
134.499;0.00534027;90
137.578;0.00481037;90
124.26;0.00554395;90
-165.981;0.00395891;90
-133.347;0.00304041;90
136.264;0.00307808;90
108.241;0.00447275;90
122.32;0.00368842;90
142.165;0.00300463;90
152.168;0.00386398;90
162.701;0.00392453;90
139.259;0.00436997;90
138.174;0.00412522;90
140.18;0.00403355;90
137.773;0.00295209;90
137.716;0.00395505;90
146.625;0.00353017;90
-117.254;0.00304843;90
-175.419;0.00267956;90
-128.508;0.00182615;90
105.806;0.00107567;90
79.3297;0.00597329;90
77.7552;0.00525249;90
76.3794;0.00524861;90
88.1854;0.00565283;90
86.4314;0.00600865;90
83.7441;0.00682766;90
89.1368;0.00756686;90
89.0934;0.00771097;90
92.6155;0.00683712;90
87.3553;0.0267004;90
84.6832;0.0028814;90
86.4358;0.00944226;90
83.4462;0.00521307;90
87.2428;0.00555043;90
85.9085;0.00482129;90
86.3529;0.00479471;90
95.3548;0.00527201;90
94.6168;0.00479556;90
92.7588;0.00394758;90
87.8078;0.00467942;90
83.7983;0.0057577;90
82.273;0.0068946;90
89.0793;0.00784101;90
87.3816;0.0108573;90
95.5239;0.00451899;90
96.5102;0.015814;90
93.5409;0.00272019;90
104.233;0.0371596;90
112.313;0.00857074;90
102.231;0.00615982;90
102.276;0.00737462;90
102.706;0.00797429;90
102.529;0.00862027;90
101.938;0.00835368;90
101.993;0.00899433;90
100.816;0.00845723;90
83.9332;0.00851569;90
90.7277;0.00834667;90
100.615;0.00868054;90
99.2784;0.00896226;90
99.5691;0.00890896;90
100.006;0.00889225;90
99.9567;0.00866957;90
100.337;0.00848168;90
101.262;0.00937553;90
98.0174;0.0077649;90
138.59;0.00374937;90
130.419;0.00455914;90
107.893;0.00711513;90
88.8596;0.00768752;90
78.9564;0.00708928;90
86.3611;0.00582975;90
126.809;0.0011266;90
155.811;0.00297742;90
-164.625;0.0030512;90
-170.147;0.00308551;90
149.019;0.00404857;90
128.786;0.00468382;90
113.52;0.00601143;90
115.019;0.00520433;90
102.982;0.00564015;90
109.906;0.0052103;90
141.933;0.00347396;90
154.616;0.00355968;90
-169.962;0.00333911;90
161.415;0.0030184;90
157.187;0.00331425;90
144.108;0.00406479;90
148.448;0.00434189;90
172.707;0.00405682;90
135.897;0.00510523;90
133.742;0.00528053;90
163.886;0.00397413;90
166.006;0.00327108;90
164.769;0.0027444;90
171.278;0.00269719;90
155.216;0.00234498;90
-172.771;0.00321858;90
-169.218;0.00264062;90
-160.935;0.00333387;90
174.53;0.00319957;90
154.904;0.00244259;90
116.685;0.00384113;90
147.836;0.00287409;90
110.131;0.00444558;90
157.685;0.00221488;90
-173.42;0.00255684;90
-179.477;0.0025221;90
140.281;0.00311885;90
148.774;0.00239963;90
139.825;0.00358997;90
127.906;0.00499862;90
133.82;0.00497979;90
147.766;0.00493454;90
150.424;0.00434173;90
169.535;0.00416223;90
156.316;0.00393329;90
135.889;0.00505713;90
147.503;0.00459558;90
153.095;0.00406837;90
-161.585;0.0035582;90
-179.774;0.00405803;90
-163.842;0.00395629;90
169.833;0.00406178;90
146.535;0.00452639;90
154.122;0.00413792;90
154.164;0.00421757;90
174.253;0.00348552;90
-151.942;0.00430947;90
-153.57;0.00454057;90
-169.682;0.00422635;90
162.702;0.00459063;90
136.13;0.00541396;90
126.241;0.00599476;90
150.637;0.00491089;90
171.263;0.00364732;90
78.6585;0.00213571;90
52.9151;0.00223882;90
80.4528;0.00699387;90
75.0244;0.00693866;90
61.3419;0.006808;90
62.0637;0.00633525;90
61.1808;0.00538952;90
62.4613;0.00486862;90
61.4944;0.00619388;90
61.3456;0.00656275;90
62.5049;0.00658475;90
61.541;0.00654944;90
53.7808;0.00568817;90
43.9965;0.00524895;90
42.7154;0.00541013;90
25.0351;0.0045726;90
20.3663;0.00438193;90
29.4291;0.00454669;90
39.5149;0.00484536;90
59.9232;0.00605994;90
73.3785;0.00705478;90
83.5687;0.00854377;90
75.6861;0.00740591;90
63.1519;0.00706114;90
63.8196;0.00719404;90
63.9683;0.00730287;90
64.0527;0.00700959;90
64.6467;0.006894;90
77.0443;0.00805095;90
89.5868;0.00887523;90
90.1651;0.00902504;90
80.4713;0.00822752;90
69.7127;0.00733716;90
68.7473;0.00678655;90
99.7248;0.00760731;90
104.825;0.0078555;90
104.161;0.00799909;90
94.8511;0.00821844;90
74.6785;0.00779609;90
87.2125;0.00878039;90
88.1709;0.00908563;90
89.3798;0.00886852;90
95.977;0.00843184;90
96.0863;0.00690392;90
136.837;0.00121331;90
129.16;0.00443394;90
129.048;0.00502563;90
136.433;0.00466483;90
153.075;0.00391096;90
174.358;0.00364164;90
178.34;0.00393465;90
-179.957;0.003971;90
150.26;0.00434419;90
152.595;0.00414746;90
152.423;0.00422951;90
151.86;0.00427877;90
171.703;0.00383211;90
172.518;0.00372471;90
177.469;0.00364656;90
175.776;0.00313652;90
156.784;0.0039346;90
143.026;0.00442101;90
144.284;0.00436989;90
142.912;0.00436623;90
143.103;0.004174;90
144.652;0.0042555;90
143.819;0.0041925;90
154.203;0.00387188;90
156.907;0.00356681;90
151.802;0.00298189;90
145.73;0.00361933;90
126.64;0.00504364;90
145.416;0.0040168;90
134.692;0.00460545;90
127.924;0.00512027;90
146.178;0.00374229;90
145.185;0.00347503;90
157.97;0.00330856;90
168.395;0.00357917;90
164.055;0.00352357;90
159.482;0.00369756;90
136.525;0.0040376;90
122.393;0.00579588;90
131.026;0.0043358;90
143.47;0.00343726;90
130.306;0.00451091;90
127.341;0.00413814;90
123.121;0.00432826;90
116.063;0.00479342;90
130.288;0.00377031;90
110.226;0.00524973;90
105.25;0.00538356;90
112.679;0.00493562;90
104.943;0.00468856;90
123.992;0.00347358;90
140.286;0.00353075;90
120.968;0.00513844;90
129.887;0.00451446;90
135.734;0.004086;90
136.496;0.00398166;90
125.566;0.00443915;90
136.7;0.0044341;90
140.907;0.00392335;90
150.671;0.00300519;90
132.051;0.00292776;90
120.546;0.00327211;90
109.966;0.0037866;90
126.93;0.0034602;90
117.214;0.00418753;90
112.712;0.00397308;90
158.763;0.00269717;90
116.858;0.00463498;90
99.0054;0.00509176;90
105.369;0.0044937;90
106.971;0.0044299;90
111.045;0.00521589;90
104.273;0.00569479;90
110.662;0.00507011;90
113.687;0.00460495;90
121.479;0.00406177;90
107.124;0.00537633;90
127.315;0.00357971;90
116.675;0.00418101;90
109.91;0.00470418;90
96.7229;0.00590259;90
95.9893;0.00548192;90
99.4494;0.00511034;90
87.7208;0.00460164;90
98.4953;0.0043932;90
94.2479;0.00477913;90
92.4418;0.00260537;90
-154.484;0.00266271;90
-132.811;0.00533265;90
-155.18;0.00424513;90
169.148;0.00414818;90
172.362;0.00432638;90
-178.939;0.00415871;90
176.462;0.00411584;90
172.183;0.00455129;90
149.494;0.00468446;90
179.055;0.00436459;90
-167.831;0.00425051;90
-174.292;0.00416264;90
136.131;0.0054083;90
137.239;0.00528471;90
126.996;0.00572321;90
158.353;0.00392803;90
168.701;0.00416982;90
-168.404;0.00435795;90
-137.166;0.00492144;90
158.801;0.00407902;90
136.907;0.00465463;90
132.465;0.00477977;90
123.112;0.0046991;90
132.532;0.00418783;90
146.523;0.00350795;90
135.823;0.00152539;90
77.2205;0.00481015;90
77.5726;0.00386148;90
37.9312;0.00223518;90
46.4765;0.00296376;90
79.2082;0.00535674;90
82.7347;0.00536911;90
67.358;0.00437954;90
78.656;0.00527709;90
94.5563;0.00518639;90
86.6285;0.00465906;90
83.0317;0.00371746;90
83.8592;0.00466477;90
65.2678;0.00353748;90
67.5096;0.00149793;90
-111.994;0.00589827;90
-94.0102;0.0133126;90
-100.103;0.0142226;90
-98.8186;0.00330709;90
-100.875;0.00691722;90
-122.905;0.00208559;90
-154.888;0.00266267;90
-100.35;0.00169762;90
-102.931;0.00686819;90
-92.6888;0.00196116;90
-103.854;0.00595525;90
-99.3653;0.00631112;90
-106.13;0.00627398;90
-106.127;0.0108219;90
-130.926;0.00451852;90
-110.607;0.0121291;90
-102.476;0.00420325;90
-132.407;0.00892505;90
-157.605;0.00266933;90
-111.644;0.0192169;90
-93.913;0.0130274;90
-110.463;0.00286903;90
-100.395;0.0159396;90
-99.9274;0.0107134;90
-92.2464;0.0101028;90
-111.199;0.00817736;90
-156.049;0.00555973;90
179.004;0.00546683;90
-167.485;0.00617471;90
-155.086;0.00307408;90
-139.837;0.00812602;90
-113.042;0.00513791;90
-124.318;0.0113873;90
-167.521;0.00631723;90
-167.023;0.0019149;90
-111.457;0.00620289;90
-118.155;0.00520712;90
125.426;0.00508061;90
-121.787;0.00832815;90
-69.0186;0.00315306;90
-87.3472;0.00890154;90
-83.7419;0.00115589;90
-96.9876;0.00604994;90
-107.424;0.00308244;90
141.664;0.00727578;90
131.381;0.00345049;90
127.715;0.00305033;90
70.2975;0.00190131;90
87.6091;0.00477015;90
91.2943;0.00101826;90
-90.9912;0.00375756;90
-94.2291;0.0037833;90
-79.5056;0.00140551;90
-46.4982;0.00521953;90
-47.5668;0.00478413;90
-35.6207;0.00248619;90
68.7673;0.00282475;90
84.1742;0.00202948;90
85.4729;0.00448499;90
89.724;0.00415205;90
93.1261;0.00449269;90
96.3306;0.00397222;90
120.733;0.00318767;90
112.012;0.00146477;90
17.1027;0.00206742;90
49.4498;0.00340863;90
16.3237;0.00230908;90
-63.2188;0.00367523;90
-34.3027;0.00108949;90
56.0925;0.00372678;90
80.1658;0.00488884;90
49.6994;0.000785408;90
33.6942;0.00387375;90
6.21093;0.00479716;90
46.7366;0.00835335;90
64.9819;0.0110332;90
42.1852;0.0384317;90
81.3053;0.0265663;90
70.9767;0.00492709;90
82.1869;0.00996753;90
84.4945;0.0113715;90
65.4598;0.00867018;90
55.3341;0.0244115;90
63.7245;0.00822928;90
66.1404;0.00808166;90
77.1769;0.00834;90
78.1775;0.00789242;90
73.3176;0.00522178;90
83.7729;0.00397344;90
77.7155;0.00480809;90
63.1456;0.00309923;90
21.719;0.00232398;90
76.5676;0.00492472;90
81.5534;0.00524893;90
69.803;0.00446345;90
75.4614;0.00495156;90
93.7629;0.00551589;90
85.5634;0.0055717;90
83.412;0.00472419;90
81.0642;0.00500879;90
71.4696;0.00189737;90
64.5731;0.00101314;90
91.3271;0.00181349;90
-78.7083;0.00184879;90
-120.429;0.00216989;90
-103.439;0.00556334;90
-92.0014;0.00469586;90
-93.6488;0.0052797;90
-86.5387;0.00525058;90
-103.218;0.00545348;90
-111.055;0.00462049;90
-96.9298;0.00575202;90
-106.109;0.00523662;90
-165.711;0.00236208;90
-107.831;0.00434995;90
-102.095;0.00489669;90
-95.7595;0.0031489;90
-106.57;0.0054034;90
-100.872;0.00706176;90
-103.94;0.00591933;90
-105.094;0.00498083;90
-115.556;0.00411232;90
-120.853;0.00319983;90
-117.781;0.00314104;90
-115.108;0.00314851;90
-108.077;0.00303585;90
-108.71;0.00368473;90
-109.31;0.00870044;90
-136.456;0.00595718;90
-157.146;0.00469889;90
-122.827;0.00653566;90
-97.0243;0.00839803;90
-94.556;0.00815778;90
-98.3253;0.00714125;90
-108.365;0.00597956;90
-103.089;0.00522372;90
-96.4883;0.00790262;90
-99.4375;0.00909307;90
-93.0607;0.00949554;90
-105.151;0.00846731;90
-135.569;0.00583392;90
-175.193;0.0046895;90
-174.115;0.0049159;90
-162.32;0.00580518;90
-151.621;0.00518625;90
-124.59;0.00743168;90
-113.666;0.00776283;90
-134.093;0.00589377;90
-151.392;0.00421454;90
163.302;0.00322289;90
-130.216;0.00348474;90
-108.09;0.00205141;90
-106.77;0.00411396;90
-127.47;0.00259554;90
-123.738;0.000995687;90
115.415;0.00329708;90
142.687;0.00263788;90
-130.17;0.00308191;90
-149.189;0.00218078;90
164.865;0.00150521;90
147.482;0.00265646;90
150.469;0.00242849;90
152.165;0.00119077;90
161.92;0.00209442;90
-175.832;0.00218779;90
-155.656;0.00222701;90
167.558;0.00192624;90
110.566;0.00349579;90
74.3646;0.00258983;90
77.5298;0.00392254;90
123.031;0.00168779;90
74.7833;0.00117728;90
134.662;0.00143828;90
-37.9405;0.00046028;90
-71.9735;0.00310544;90
-94.0878;0.00187978;90
-104.792;0.00430053;90
-77.2234;0.00137915;90
-67.3854;0.00336254;90
17.2026;0.00286727;90
34.3926;0.000814361;90
-3.30413;0.00291485;90
-22.2082;0.00300815;90
-30.1351;0.00254959;90
-30.4234;0.00261856;90
10.6409;0.00282152;90
50.2823;0.00367133;90
-47.0311;0.00353139;90
-54.5695;0.00223731;90
-126.027;0.00153697;90
79.0029;0.00193962;90
-76.3847;0.00445623;90
-69.6206;0.00523785;90
-73.6772;0.00571432;90
-61.3693;0.00564527;90
-50.6769;0.00503241;90
-63.5977;0.00629679;90
-65.7244;0.00644815;90
-58.7508;0.00626492;90
-57.8072;0.00609269;90
-63.3735;0.00583927;90
-56.7373;0.00676781;90
-41.4426;0.00480911;90
-48.1644;0.00539284;90
-45.3393;0.00370177;90
-44.0829;0.00384362;90
-54.6649;0.00424132;90
-73.1503;0.00609256;90
-87.776;0.00718942;90
-86.4811;0.00752719;90
-77.3701;0.00645315;90
-47.0132;0.00444833;90
-41.7936;0.00389377;90
-47.0935;0.0036971;90
-56.4408;0.00412809;90
-60.9001;0.00503563;90
-55.3899;0.00464621;90
-66.6963;0.00565209;90
-45.5022;0.00459849;90
-57.2969;0.00246351;90
-41.7898;0.00502552;90
-65.4999;0.0035496;90
-66.8421;0.00795389;90
-53.7057;0.00509686;90
-29.2878;0.0041517;90
-30.0257;0.00407484;90
-33.8789;0.00420853;90
-57.2786;0.00521687;90
-62.9446;0.00496425;90
-45.4325;0.00281012;90
-90.6969;0.00312423;90
-80.8589;0.00516155;90
-77.2154;0.00592899;90
-77.618;0.00571288;90
-79.8985;0.00635146;90
-95.5792;0.00694289;90
-97.3746;0.00535227;90
-85.7001;0.00426801;90
-89.1944;0.00625862;90
-95.0296;0.00717463;90
-96.1851;0.00701684;90
-98.4762;0.00690644;90
-95.6392;0.00703203;90
-91.4747;0.0069553;90
-101.532;0.00658288;90
-102.437;0.00658862;90
-93.4585;0.00658099;90
-99.2189;0.00619198;90
-101.911;0.00637628;90
-113.569;0.0059722;90
-117.22;0.00539554;90
-115.685;0.00506887;90
-105.152;0.00510756;90
-97.6122;0.00582029;90
-80.6827;0.00454598;90
-58.8015;0.0034324;90
-75.4938;0.00399227;90
-87.418;0.00430637;90
-99.5126;0.00487098;90
-89.055;0.00600282;90
-61.6774;0.00516193;90
-57.6367;0.0051748;90
-50.4483;0.00459503;90
-45.2542;0.00430279;90
-93.5218;0.00701625;90
-73.6024;0.00603966;90
-70.988;0.00631128;90
-56.2268;0.00496845;90
-25.9961;0.00382834;90
-60.2687;0.00523054;90
-43.6165;0.004188;90
-69.7787;0.00550852;90
-59.0323;0.00501016;90
-85.2384;0.00690282;90
-86.5194;0.00728043;90
-94.9143;0.00761098;90
-100.847;0.00705708;90
-86.7012;0.00715986;90
-90.1524;0.00714103;90
-103.479;0.00662857;90
-108.725;0.00648844;90
-100.575;0.00683815;90
-106.816;0.00636726;90
-109.334;0.00618902;90
-117.838;0.00567699;90
-112.143;0.00638599;90
-90.1686;0.00645703;90
-115.511;0.00512907;90
-119.141;0.0052941;90
-132.234;0.00458669;90
-116.637;0.00498509;90
-96.2315;0.00745304;90
-99.2051;0.00717642;90
-103.275;0.00659318;90
-92.9521;0.00526198;90
132.793;0.00178111;90
136.589;0.00249846;90
157.448;0.00232585;90
128.927;0.00231249;90
122.205;0.00216156;90
108.398;0.00296242;90
94.49;0.00418986;90
88.8202;0.00480802;90
94.0201;0.00473565;90
104.985;0.00443998;90
98.5008;0.00415363;90
105.337;0.00263898;90
146.263;0.00169794;90
126.763;0.0017076;90
82.2188;0.003693;90
80.9121;0.00289332;90
88.6588;0.00311885;90
70.5569;0.0020849;90
98.7919;0.00257121;90
85.8013;0.00292284;90
89.4942;0.00339813;90
91.1904;0.00274359;90
123.636;0.00263039;90
105.511;0.0037506;90
133.801;0.00280571;90
119.775;0.00282725;90
153.883;0.00206038;90
143.23;0.0026328;90
132.642;0.00299077;90
123.649;0.00313295;90
119.663;0.00345933;90
129.776;0.00351833;90
139.349;0.00313302;90
151.577;0.00275852;90
123.408;0.0020305;90
-104.315;0.0036844;90
-127.142;0.00299443;90
159.006;0.00235857;90
-131.659;0.0029487;90
-113.51;0.00437953;90
-99.6217;0.00342823;90
-116.255;0.00363053;90
-108.7;0.00321259;90
-86.4086;0.00261814;90
-73.5663;0.00446438;90
-64.5094;0.00424525;90
-71.9011;0.00388208;90
-85.5121;0.00507356;90
-75.4599;0.00435756;90
-51.147;0.00324234;90
-64.6887;0.00406749;90
-85.4748;0.00455018;90
-54.9688;0.0031166;90
-85.9769;0.0045041;90
-91.3941;0.0040692;90
-53.3604;0.00298602;90
-50.5103;0.00346102;90
-41.1875;0.00336054;90
-89.8888;0.00566601;90
-95.8555;0.00593999;90
-114.98;0.00430026;90
174.328;0.00297456;90
-142.634;0.00244849;90
-168.278;0.00177196;90
-125.071;0.00107033;90
-50.9806;0.00306075;90
-28.9211;0.00295903;90
-54.2175;0.00402592;90
-65.4881;0.00551724;90
-53.5822;0.00514596;90
-47.9759;0.00484881;90
-52.6782;0.00509656;90
-69.1288;0.00638282;90
-41.3535;0.00450278;90
-42.5898;0.00438865;90
-57.9679;0.00567502;90
-62.3323;0.00599556;90
-67.7545;0.00615729;90
-65.134;0.00598814;90
-52.7564;0.0047835;90
-43.0947;0.00176521;90
-43.9969;0.00145403;90
-59.2373;0.00405682;90
-72.1687;0.0057933;90
-50.1637;0.00476899;90
-16.7937;0.00395257;90
-22.2882;0.00393391;90
-21.8799;0.00176299;90
-85.4782;0.000964001;90
-96.2522;0.00251596;90
-103.092;0.00395993;90
-125.119;0.00262483;90
-176.046;0.00111666;90
-140.849;0.0018943;90
175.519;0.0005888;90
105.045;0.00258874;90
-179.559;0.00169005;90
146.41;0.00143335;90
98.5889;0.00224316;90
94.241;0.00139281;90
161.96;0.000229271;90
-20.4966;0.000676849;90
-16.2642;0.00056772;90
-127.503;0.00144709;90
-121.414;0.00104755;90
138.516;0.00269774;90
151.169;0.00134582;90
120.083;0.00413961;90
88.6851;0.00562148;90
92.6867;0.00674141;90
106.979;0.00395855;90
124.145;0.00254948;90
127.325;0.00491315;90
116.015;0.00563605;90
111.195;0.00608781;90
116.586;0.00622298;90
123.788;0.00533511;90
132.97;0.00472998;90
140.794;0.00450394;90
112.837;0.00597758;90
124.207;0.00470128;90
130.916;0.00436829;90
131.04;0.0046072;90
117.081;0.00506087;90
115.166;0.00430571;90
140.534;0.00306474;90
145.145;0.00312333;90
134.075;0.00407417;90
-112.179;0.00174836;90
51.7704;0.00293303;90
-29.3189;0.00176854;90
17.8075;0.00222353;90
23.1853;0.00282191;90
10.5807;0.00315871;90
82.595;0.00692879;90
87.2988;0.00727809;90
137.992;0.00434827;90
125.935;0.00482904;90
102.647;0.00401029;90
90.1515;0.00567402;90
118.825;0.00392422;90
100.576;0.0053448;90
122.777;0.00424843;90
110.194;0.00546921;90
94.8947;0.00522706;90
106.858;0.00327578;90
117.833;0.00359603;90
106.84;0.00464624;90
98.6979;0.00361052;90
54.2095;0.00142265;90
68.6856;0.00557106;90
75.0679;0.00524305;90
62.302;0.00520211;90
-15.9771;0.00348044;90
70.5967;0.00484625;90
-19.0131;0.00178646;90
-29.7542;0.00381035;90
-47.8293;0.00445525;90
-54.1809;0.00430772;90
-58.3967;0.00445581;90
-42.5125;0.0034051;90
-27.0584;0.00290834;90
-55.6268;0.00346629;90
-58.3606;0.00399945;90
-68.6543;0.00501932;90
-94.8068;0.00473766;90
-83.6174;0.0031304;90
-88.0054;0.00502805;90
-105.011;0.00310806;90
-95.2573;0.00412535;90
-93.7477;0.00373298;90
-38.4168;0.00243009;90
-74.0616;0.00337577;90
-81.7796;0.00493773;90
-71.7757;0.00455972;90
-89.778;0.00593504;90
-88.7567;0.00543828;90
-71.4755;0.00384312;90
-57.4681;0.00311472;90
-36.0306;0.00259428;90
-19.543;0.00246925;90
-58.288;0.00283649;90
86.4787;0.0046077;90
80.8269;0.0061223;90
79.7285;0.00661196;90
80.5803;0.0077353;90
76.1395;0.00664138;90
29.7308;0.00454302;90
64.0234;0.00609584;90
66.4694;0.00598137;90
88.4473;0.00786089;90
61.8005;0.00758872;90
65.487;0.00700652;90
75.9951;0.00799155;90
78.9444;0.00839581;90
71.4841;0.00806129;90
82.9903;0.00875141;90
96.7492;0.00918968;90
77.7201;0.00886278;90
88.0137;0.00923255;90
95.0251;0.00940716;90
117.552;0.00690287;90
118.218;0.00654367;90
125.33;0.00591053;90
146.307;0.00503834;90
122.153;0.00607116;90
106.824;0.00834412;90
91.6986;0.0079615;90
117.943;0.00543119;90
134.887;0.00502612;90
120.679;0.00727523;90
103.986;0.00749726;90
78.9744;0.00608634;90
94.9978;0.00583117;90
114.536;0.00535561;90
100.455;0.00546676;90
80.6866;0.00594436;90
73.2616;0.00574648;90
63.9688;0.00580822;90
63.7479;0.00614033;90
69.2661;0.00731581;90
83.0875;0.00786014;90
86.9121;0.00777829;90
77.203;0.00771565;90
80.6027;0.00782704;90
89.0743;0.00897517;90
81.4809;0.0087283;90
83.479;0.00927199;90
85.7848;0.00888403;90
92.9278;0.0089667;90
81.7646;0.00908266;90
99.0059;0.00887339;90
102.688;0.00852724;90
99.2784;0.00834822;90
94.4297;0.00212334;90
131.078;0.00405273;90
114.782;0.00645329;90
140.036;0.00510664;90
149.972;0.00447225;90
148.136;0.00421287;90
137.883;0.00385154;90
115.526;0.00483383;90
111.008;0.00452156;90
114.581;0.00423586;90
139.119;0.00341637;90
127.082;0.00449123;90
136.469;0.00262069;90
120.236;0.00590191;90
120.762;0.00355639;90
120.974;0.0056718;90
121.122;0.00396232;90
122.745;0.00284156;90
136.343;0.00304776;90
138.657;0.00414643;90
128.676;0.00484701;90
98.1848;0.00755798;90
92.5272;0.00752932;90
96.133;0.00720725;90
112.835;0.00610443;90
134.203;0.00386259;90
136.799;0.00394123;90
131.072;0.00464529;90
135.9;0.00490722;90
133.626;0.00504241;90
118.328;0.00607782;90
118.323;0.00616729;90
124.42;0.00596545;90
116.643;0.00626189;90
113.452;0.0041509;90
114.524;0.002361;90
116.507;0.00222265;90
122.727;0.00209568;90
125.574;0.00241342;90
128.642;0.0025094;90
119.785;0.00459388;90
106.742;0.00479421;90
110.46;0.00447426;90
103.362;0.00488525;90
118.425;0.00300417;90
124.616;0.00377412;90
-142.083;0.00252882;90
-140.385;0.00319467;90
-162.772;0.000570601;90
153.821;0.0021261;90
138.285;0.0014562;90
154.159;0.00346663;90
161.108;0.0031687;90
-178.283;0.00103446;90
-145.594;0.00233075;90
-170.293;0.0019276;90
118.022;0.000738589;90
118.264;0.00202095;90
103.573;0.00152972;90
88.2759;0.00179481;90
72.8482;0.00446246;90
67.9894;0.00157694;90
131.629;0.00216466;90
125.495;0.000933469;90
-119.576;0.00134529;90
-104.832;0.00211342;90
-105.462;0.00177421;90
-117.201;0.00116819;90
129.277;0.00285752;90
171.569;0.00150729;90
-101.793;0.00416389;90
-78.4342;0.0015811;90
-108.514;0.00275245;90
-172.404;0.00309415;90
-165.619;0.00197282;90
-158.285;0.00135948;90
99.0512;0.0034135;90
-130.157;0.00181739;90
-170.898;0.00222502;90
-175.491;0.00246764;90
-72.1659;0.0030758;90
134.456;0.00111657;90
49.2641;0.00318585;90
14.154;0.00165216;90
20.2509;0.00184612;90
-35.5312;0.00103588;90
-81.0108;0.00268802;90
30.519;0.0026072;90
22.3659;0.00218648;90
-8.43273;0.00182068;90
73.6385;0.00219384;90
91.309;0.00367696;90
50.6618;0.0024799;90
11.9588;0.00117756;90
-49.2978;0.00246271;90
74.5563;0.00194524;90
76.1022;0.00190682;90
74.319;0.00193502;90
-12.5288;0.00020283;90
-53.6641;0.000901239;90
-70.0979;0.0022972;90
66.4223;0.00222254;90
-50.6933;0.00139706;90
-47.924;0.00115055;90
-24.6384;0.00131689;90
80.1536;0.00176601;90
130.067;0.00061676;90
-40.2852;0.000550578;90
-44.478;0.00225081;90
-110.038;0.00150299;90
-103.401;0.00280025;90
-102.256;0.00427748;90
-50.3099;0.00120726;90
0.0603325;0.002849;90
-24.6702;0.00293488;90
-34.12;0.00166332;90
-31.3367;0.00213435;90
-29.1377;0.00120556;90
1.00566;0.00176627;90
49.5516;0.00268203;90
38.6521;0.00231512;90
-52.7467;0.00325767;90
-51.1817;0.00225891;90
57.4839;0.00381742;90
80.0211;0.00479555;90
50.5434;0.00163967;90
41.7979;0.00272166;90
-26.6789;0.00247667;90
24.9844;0.00298316;90
34.4172;0.00526703;90
59.7122;0.00354718;90
66.6191;0.00619139;90
63.0148;0.00506215;90
44.8097;0.00425822;90
24.925;0.00384403;90
23.8594;0.0041212;90
7.4326;0.00413575;90
2.85736;0.00397194;90
8.67202;0.00417169;90
48.3274;0.00523859;90
74.1155;0.00723424;90
86.2904;0.00802181;90
82.404;0.00816263;90
81.1083;0.00772483;90
81.2662;0.00703356;90
74.8258;0.00602092;90
77.6844;0.00661523;90
87.9524;0.00747277;90
80.6414;0.00771772;90
73.1329;0.00725825;90
38.1531;0.00471538;90
20.8103;0.00456266;90
54.1979;0.00551636;90
72.1603;0.00712247;90
71.2448;0.00684549;90
64.7245;0.00647819;90
58.5102;0.00599601;90
75.6228;0.00672563;90
76.5929;0.00580932;90
78.5068;0.00514925;90
77.5823;0.00480849;90
74.5521;0.00317988;90
80.9389;0.004648;90
78.5858;0.00528044;90
44.2327;0.00190087;90
37.2354;0.00300946;90
80.5463;0.0109163;90
64.7554;0.00182422;90
72.7394;0.00563162;90
89.5972;0.00483612;90
89.7672;0.00467704;90
86.9276;0.00449646;90
83.7658;0.00519371;90
69.2075;0.00448189;90
-102.959;0.00107026;90
-58.3662;0.00171596;90
-31.7931;0.00151655;90
-69.1637;0.00196234;90
-102.038;0.00197544;90
-120.831;0.00162924;90
-61.9896;0.000868765;90
-62.1432;0.00124983;90
-72.6491;0.00108644;90
-59.6113;0.00230694;90
-37.7448;0.00146697;90
38.3076;0.00121958;90
-5.23883;0.000700928;90
-58.0429;0.000880435;90
-38.7506;0.000591118;90
89.3675;0.00108707;90
69.5071;0.00169956;90
84.0429;0.00150312;90
48.9957;0.00118729;90
19.4736;0.000662922;90
39.239;0.00135956;90
6.82686;0.00128713;90
-11.6644;0.000697402;90
-11.0849;0.000998631;90
74.3842;0.000835853;90
76.7622;0.00121837;90
74.3506;0.000930493;90
122.302;0.000984327;90
131.44;0.00137798;90
119.844;0.00078973;90
136.052;0.00127089;90
110.04;0.00154664;90
98.8098;0.00157356;90
99.4401;0.00127426;90
99.6306;0.00123135;90
99.4288;0.00112317;90
100.032;0.000958658;90
102.305;0.00152503;90
94.7398;0.0011981;90
100.634;0.00119757;90
-143.302;0.000666003;90
174.801;0.00110354;90
173.05;0.000487583;90
129.329;0.000908837;90
-106.56;0.000870092;90
-92.0422;0.00129082;90
-115.641;0.00097058;90
-128.433;0.000711065;90
-116.779;0.0015581;90
-120.785;0.000826456;90
-160.42;0.000996633;90
-163.001;0.000530164;90
-147.507;0.000610581;90
-140.558;0.000766572;90
-129.216;0.000771847;90
-124.997;0.000924094;90
-128.738;0.000914086;90
164.786;0.000613502;90
165.663;0.00124786;90
36.7148;0.0012562;90
19.9452;0.000515947;90
-97.9477;0.00124395;90
-110.859;0.00230293;90
-99.6639;0.00836369;90
-93.5838;0.00238366;90
-93.5409;0.00524601;90
-82.4443;0.00359723;90
-98.5776;0.00447202;90
-107.069;0.00393847;90
-105.325;0.0040863;90
-99.5687;0.00495697;90
-105.175;0.00444292;90
-148.876;0.00233513;90
-133.32;0.00214699;90
-101.682;0.00661298;90
-101.409;0.00215865;90
-97.6159;0.00178071;90
-102.823;0.00661907;90
-99.6591;0.00320646;90
-104.826;0.00869136;90
-103.685;0.00316175;90
-115.466;0.00671436;90
-116.408;0.00358622;90
-113.363;0.00692474;90
-107.226;0.00569653;90
-105.829;0.00633522;90
-128.404;0.00468448;90
-154.711;0.00397493;90
-154.224;0.00399444;90
-122.235;0.00503386;90
-98.817;0.00670018;90
-100.089;0.0064223;90
-91.2237;0.00678955;90
-98.6077;0.00604003;90
-111.817;0.00479224;90
-102.278;0.00637174;90
-95.8549;0.00754838;90
-99.3195;0.00718787;90
-93.5768;0.00788636;90
-97.4949;0.00762817;90
-117.175;0.00608916;90
-149.569;0.00407893;90
-177.65;0.00414649;90
-175.136;0.00395123;90
-170.638;0.00386651;90
-153.037;0.00386402;90
-152.301;0.00408968;90
-129.272;0.00483885;90
-113.601;0.00617444;90
-115.589;0.00601276;90
-139.172;0.00459777;90
-151.005;0.00365971;90
164.61;0.00252453;90
-172.701;0.00232988;90
-125.079;0.00248301;90
97.6073;0.00449456;90
105.648;0.00574285;90
104.854;0.00606983;90
105.958;0.005787;90
121.694;0.00543798;90
137.223;0.00144005;90
150.691;0.00653099;90
141.137;0.00277788;90
129.866;0.00144618;90
-155.862;0.00254559;90
-114.515;0.00167499;90
-117.883;0.00495867;90
-154.172;0.00135651;90
-84.8974;0.00231618;90
-85.5807;0.00149244;90
-93.4516;0.00146165;90
-72.9444;0.00535972;90
164.219;9.56033e-05;90
105.191;0.00820883;90
-60.5241;0.00121531;90
99.3618;0.00337495;90
30.0235;0.00278002;90
68.0095;0.00151955;90
69.6906;0.00274569;90
63.8955;0.0026704;90
66.1647;0.00178417;90
-55.4256;0.00264152;90
-26.225;0.00128084;90
-41.3541;0.00217947;90
-34.0423;0.00248122;90
-31.6191;0.00259409;90
-21.4698;0.00112292;90
-44.7485;0.00225569;90
-55.6447;0.00367874;90
-69.9776;0.00498851;90
-76.1034;0.00567098;90
-74.8137;0.0051115;90
-75.7753;0.00501372;90
-83.6643;0.00283632;90
49.1685;0.00215956;90
25.1861;0.00223001;90
-21.831;0.00251432;90
32.3917;0.00298672;90
30.4813;0.00331982;90
54.4903;0.00476034;90
66.1613;0.00474807;90
64.2924;0.00481122;90
53.5797;0.00466394;90
28.7345;0.00365054;90
25.6338;0.0037146;90
17.6011;0.00384605;90
2.93078;0.00359871;90
2.70093;0.00365005;90
10.2138;0.00343443;90
48.9103;0.00470756;90
70.5016;0.00555455;90
84.0429;0.0068701;90
86.3926;0.0069137;90
81.0248;0.006942;90
80.7587;0.00660675;90
81.4101;0.00574444;90
75.0168;0.0056356;90
75.5448;0.00567257;90
84.0113;0.0062109;90
86.1623;0.00678321;90
84.0496;0.00603854;90
65.0313;0.00516911;90
42.5499;0.00383744;90
19.6931;0.00362927;90
37.5968;0.00408293;90
58.9404;0.005022;90
77.0431;0.00603875;90
70.8659;0.00523522;90
65.4981;0.00556516;90
61.1639;0.00486414;90
63.7696;0.00474681;90
75.9924;0.00532948;90
76.5978;0.00547922;90
79.2903;0.00531661;90
77.5209;0.00474818;90
73.7539;0.00259148;90
81.6647;0.0030007;90
78.6738;0.00413452;90
73.0748;0.00412884;90
-9.498;0.00184834;90
62.0828;0.00343019;90
80.5101;0.00444584;90
83.7465;0.00423218;90
76.0935;0.00374888;90
70.4328;0.00382489;90
78.5313;0.00403354;90
98.4376;0.00395278;90
84.9027;0.00437831;90
81.5801;0.00265663;90
84.3318;0.00389806;90
79.8753;0.00383979;90
66.1032;0.00239206;90
174.134;0.000919816;90
133.459;0.000920279;90
8.5245;0.00225997;90
-169.672;0.000674935;90
36.7251;0.00641162;90
57.5731;0.00337173;90
84.388;0.00849773;90
97.6889;0.00666694;90
89.6174;0.0044931;90
74.5802;0.00793565;90
76.6594;0.00393519;90
77.0462;0.00925657;90
98.7644;0.0055063;90
103.83;0.00324199;90
85.3715;0.00661758;90
74.5128;0.00357273;90
66.5427;0.0017158;90
35.0272;0.00333993;90
42.5619;0.00300863;90
28.2995;0.0032062;90
65.094;0.00770783;90
59.6717;0.0070046;90
0.539911;0.00360816;90
-32.1026;0.00493568;90
-74.1048;0.00784288;90
-64.2307;0.00740657;90
-83.0328;0.00769986;90
-79.3708;0.00628891;90
-32.323;0.00317379;90
-77.8784;0.00744806;90
-63.5771;0.00558885;90
-47.4055;0.00456557;90
-4.30884;0.00224936;90
-69.4682;0.00387196;90
-33.6901;0.000439877;90
113.085;0.00363943;90
152.069;0.00523255;90
124.603;0.0044745;90
103.344;0.00553749;90
118.546;0.00591391;90
119.771;0.00215895;90
99.5569;0.00806493;90
99.7762;0.00312133;90
111.09;0.00830104;90
113.71;0.0053692;90
108.417;0.00504858;90
153.975;0.00427108;90
177.427;0.00240543;90
-123.391;0.00600887;90
-114.871;0.00514297;90
-114.686;0.00401053;90
-133.838;0.00251075;90
-166.766;0.00148956;90
-144.946;0.00195698;90
-138.531;0.00184835;90
-144.556;0.0022659;90
-113.543;0.00273135;90
-102.821;0.00342028;90
-108.609;0.00250074;90
-87.4176;0.00450558;90
-75.0958;0.00461113;90
-78.9135;0.00487803;90
-115.202;0.00419203;90
-95.7323;0.00576684;90
-118.11;0.00406441;90
-96.6742;0.0060057;90
-85.9345;0.00629083;90
-87.9042;0.00511342;90
-100.491;0.00533824;90
-103.188;0.00476877;90
-140.59;0.00330305;90
-137.119;0.00281126;90
-126.164;0.00330965;90
-104.903;0.00455316;90
-94.2622;0.00492462;90
-90.4021;0.00484512;90
-89.1962;0.00484748;90
-93.2849;0.0051134;90
-109.131;0.00455244;90
-110.54;0.00247963;90
-108.161;0.00145656;90
-97.9955;0.00680111;90
-117.539;0.00362922;90
175.763;0.00196236;90
-102.654;0.00402168;90
-101.884;0.00418572;90
-100.563;0.00374751;90
-104.133;0.00475079;90
-101.034;0.00697495;90
-103.457;0.00712873;90
-105.55;0.00750158;90
-123.295;0.00627381;90
-114.241;0.0073117;90
-104.893;0.00840431;90
-118.872;0.00705381;90
-152.099;0.00493008;90
-147.197;0.00526446;90
-111.847;0.00693832;90
-95.8283;0.00721831;90
-91.1051;0.00710332;90
-98.8774;0.00647355;90
-109.775;0.00528783;90
-104.525;0.00625183;90
-94.6727;0.00758621;90
-99.6202;0.00769522;90
-93.9591;0.00751694;90
-96.0353;0.00888324;90
-118.233;0.0063312;90
-153.686;0.00459964;90
179.684;0.00417006;90
-176.543;0.00399727;90
-161.253;0.00441524;90
-155.035;0.00347576;90
-148.91;0.00428559;90
-123.435;0.00560807;90
-112.446;0.00667357;90
-121.084;0.00548917;90
-148.607;0.00393738;90
-150.609;0.00315625;90
150.101;0.00267618;90
-144.041;0.00290697;90
-128.059;0.00128148;90
97.2914;0.00162313;90
102.513;0.00822025;90
105.321;0.00477988;90
111.328;0.0119053;90
139.517;0.00278333;90
92.7175;0.00185609;90
89.1347;0.00403946;90
94.6926;0.00475494;90
-109.588;0.000817298;90
157.699;0.000787935;90
-4.78955;0.000550924;90
-179.615;0.00104102;90
-12.7034;0.00103227;90
166.029;0.00169411;90
-17.751;0.00137759;90
123.68;0.00150573;90
-67.9674;0.00174871;90
-165.421;0.000460838;90
58.1628;0.00137249;90
-73.1313;0.00307741;90
-90.9582;0.00454464;90
-81.296;0.00289433;90
-43.7356;0.0033327;90
-63.8814;0.00596959;90
-75.5655;0.00771039;90
-75.3562;0.0079823;90
-79.681;0.00470612;90
54.9725;0.00330331;90
-16.8706;0.00368353;90
32.2972;0.00568209;90
53.8383;0.00758898;90
66.1403;0.00848953;90
42.9804;0.00662122;90
24.4371;0.00555241;90
7.87904;0.00532527;90
6.01123;0.00538561;90
25.5814;0.00554895;90
69.5827;0.00874862;90
87.519;0.0102106;90
80.6313;0.0100561;90
83.1311;0.00724097;90
76.6153;0.00543873;90
72.9054;0.00516415;90
80.7765;0.00599552;90
86.6652;0.00668732;90
81.3088;0.0075244;90
78.9471;0.00664527;90
51.7599;0.00496802;90
20.0958;0.00434237;90
44.5132;0.00640874;90
70.3994;0.00817681;90
71.9807;0.00871863;90
61.2399;0.00757778;90
68.4125;0.00805608;90
75.9046;0.00845868;90
79.9046;0.00846608;90
75.9221;0.00400014;90
79.0208;0.0051299;90
76.6075;0.00520247;90
-1.63192;0.002458;90
74.3585;0.00564505;90
82.7844;0.00549351;90
70.6565;0.00490594;90
73.0872;0.00567861;90
95.383;0.00629978;90
86.6124;0.0050939;90
81.6939;0.00446483;90
79.8425;0.00497294;90
65.7013;0.00231838;90
139.014;0.000242425;90
3.89829;0.000588361;90
44.8174;0.0042165;90
42.4358;0.00301883;90
74.2827;0.00396838;90
83.1799;0.0049178;90
84.373;0.00497698;90
94.5572;0.00546227;90
88.2876;0.00535439;90
76.2843;0.0046815;90
72.6445;0.00471674;90
80.4129;0.0051337;90
75.3836;0.00323365;90
100.324;0.00449172;90
104.118;0.00440712;90
88.6323;0.00398013;90
72.9579;0.00222469;90
75.1045;0.0043181;90
49.8516;0.00306001;90
28.5166;0.00151022;90
-47.3421;0.000692129;90
179.659;0.00151403;90
-117.311;0.00728394;90
-105.605;0.00231223;90
-90.1631;0.00526902;90
-76.6329;0.00417408;90
-76.9652;0.00363568;90
-98.6995;0.00382804;90
72.5992;0.00168197;90
-164.955;0.000647185;90
-102.328;0.00461338;90
-95.1295;0.00511147;90
-113.709;0.00429993;90
-98.3216;0.00579704;90
-85.0997;0.00553724;90
-89.1199;0.00520861;90
-99.5239;0.00550589;90
-107.046;0.00441078;90
-141.171;0.00354547;90
-130.389;0.00368535;90
-111.752;0.00107128;90
94.6676;0.00168358;90
